#1
#Denmark_Alborg
#57,100       9,850       5            -8
#
#t(s)	month	day	hour	thewdeg	v_wind	Ghtot	Ghdiff	T_ext	Pa
double tab1(360,10)
0	10	1	1	212	15	0	0	110	100900
3600	10	1	2	207	21	0	0	105	100900
7200	10	1	3	197	25	0	0	100	100900
10800	10	1	4	177	28	0	0	98	100900
14400	10	1	5	173	24	0	0	92	100900
18000	10	1	6	161	20	0	0	91	100900
21600	10	1	7	177	24	9	7	100	100900
25200	10	1	8	181	16	88	46	111	100900
28800	10	1	9	143	18	112	67	115	100899
32400	10	1	10	144	21	246	165	124	100893
36000	10	1	11	167	36	413	167	150	100886
39600	10	1	12	187	48	440	166	172	100879
43200	10	1	13	190	46	451	185	187	100872
46800	10	1	14	188	44	397	171	192	100865
50400	10	1	15	181	44	295	159	192	100858
54000	10	1	16	169	42	215	122	187	100851
57600	10	1	17	153	31	74	60	176	100844
61200	10	1	18	132	40	12	12	160	100837
64800	10	1	19	133	53	0	0	158	100830
68400	10	1	20	136	55	0	0	155	100824
72000	10	1	21	149	43	0	0	148	100817
75600	10	1	22	159	37	0	0	146	100810
79200	10	1	23	205	39	0	0	148	100803
82800	10	1	24	231	20	0	0	133	100781
86400	10	2	1	142	11	0	0	131	100747
90000	10	2	2	179	22	0	0	129	100714
93600	10	2	3	155	16	0	0	126	100681
97200	10	2	4	176	28	0	0	123	100647
100800	10	2	5	167	31	0	0	120	100614
104400	10	2	6	184	37	0	0	122	100581
108000	10	2	7	181	37	5	5	120	100547
111600	10	2	8	175	33	42	41	124	100514
115200	10	2	9	173	41	224	140	142	100481
118800	10	2	10	173	55	164	112	144	100447
122400	10	2	11	185	51	313	204	160	100414
126000	10	2	12	186	46	211	200	161	100381
129600	10	2	13	186	47	293	234	144	100347
133200	10	2	14	199	42	245	185	164	100314
136800	10	2	15	215	41	274	179	163	100281
140400	10	2	16	202	34	214	133	154	100247
144000	10	2	17	187	23	73	68	147	100214
147600	10	2	18	184	31	12	12	137	100181
151200	10	2	19	159	17	0	0	129	100147
154800	10	2	20	166	21	0	0	126	100114
158400	10	2	21	182	25	0	0	124	100081
162000	10	2	22	166	18	0	0	119	100047
165600	10	2	23	148	8	0	0	115	100014
169200	10	2	24	254	17	0	0	120	99990
172800	10	3	1	260	23	0	0	122	99974
176400	10	3	2	257	30	0	0	124	99957
180000	10	3	3	239	30	0	0	126	99940
183600	10	3	4	247	36	0	0	128	99924
187200	10	3	5	237	26	0	0	120	99907
190800	10	3	6	250	34	0	0	116	99890
194400	10	3	7	234	31	8	6	114	99874
198000	10	3	8	232	33	113	66	117	99857
201600	10	3	9	238	31	139	114	129	99840
205200	10	3	10	226	33	160	145	140	99824
208800	10	3	11	229	36	266	225	152	99807
212400	10	3	12	245	47	296	240	165	99790
216000	10	3	13	228	38	383	218	171	99774
219600	10	3	14	241	35	171	160	165	99757
223200	10	3	15	229	30	197	143	165	99740
226800	10	3	16	213	27	231	98	160	99724
230400	10	3	17	241	12	66	63	149	99707
234000	10	3	18	186	7	13	13	137	99690
237600	10	3	19	157	12	0	0	132	99674
241200	10	3	20	187	10	0	0	120	99657
244800	10	3	21	216	9	0	0	114	99640
248400	10	3	22	218	21	0	0	116	99624
252000	10	3	23	168	7	0	0	113	99607
255600	10	3	24	221	22	0	0	116	99610
259200	10	4	1	236	24	0	0	108	99626
262800	10	4	2	236	21	0	0	101	99643
266400	10	4	3	241	19	0	0	96	99660
270000	10	4	4	238	11	0	0	93	99676
273600	10	4	5	240	11	0	0	92	99693
277200	10	4	6	234	17	0	0	95	99710
280800	10	4	7	240	18	6	5	101	99726
284400	10	4	8	237	16	58	39	104	99743
288000	10	4	9	254	34	227	85	123	99760
291600	10	4	10	265	43	204	178	149	99776
295200	10	4	11	275	45	232	174	155	99793
298800	10	4	12	268	51	227	182	159	99810
302400	10	4	13	261	48	217	189	156	99826
306000	10	4	14	289	58	136	130	152	99843
309600	10	4	15	288	62	175	159	157	99860
313200	10	4	16	289	69	229	99	158	99876
316800	10	4	17	278	52	132	56	148	99893
320400	10	4	18	271	33	25	20	131	99910
324000	10	4	19	254	25	0	0	114	99926
327600	10	4	20	247	25	0	0	105	99943
331200	10	4	21	241	26	0	0	99	99960
334800	10	4	22	241	28	0	0	96	99976
338400	10	4	23	244	33	0	0	98	99993
342000	10	4	24	233	26	0	0	94	100012
345600	10	5	1	240	30	0	0	89	100033
349200	10	5	2	249	42	0	0	92	100054
352800	10	5	3	244	37	0	0	91	100075
356400	10	5	4	240	32	0	0	90	100095
360000	10	5	5	232	28	0	0	82	100116
363600	10	5	6	220	28	0	0	77	100137
367200	10	5	7	228	29	5	5	78	100158
370800	10	5	8	238	34	64	38	86	100179
374400	10	5	9	232	39	190	65	105	100200
378000	10	5	10	243	46	324	63	122	100220
381600	10	5	11	266	69	422	108	141	100241
385200	10	5	12	263	68	355	77	145	100262
388800	10	5	13	245	56	177	93	136	100283
392400	10	5	14	235	54	394	102	131	100304
396000	10	5	15	239	52	344	60	137	100325
399600	10	5	16	234	41	138	77	133	100345
403200	10	5	17	211	29	113	55	130	100366
406800	10	5	18	187	24	14	14	120	100387
410400	10	5	19	195	17	0	0	104	100408
414000	10	5	20	186	25	0	0	104	100429
417600	10	5	21	192	37	0	0	105	100450
421200	10	5	22	186	42	0	0	105	100470
424800	10	5	23	183	38	0	0	106	100491
428400	10	5	24	189	45	0	0	109	100488
432000	10	6	1	170	38	0	0	105	100467
435600	10	6	2	139	35	0	0	99	100446
439200	10	6	3	135	54	0	0	103	100425
442800	10	6	4	141	69	0	0	112	100405
446400	10	6	5	149	62	0	0	112	100384
450000	10	6	6	158	61	0	0	115	100363
453600	10	6	7	168	48	1	1	117	100342
457200	10	6	8	177	40	19	19	120	100321
460800	10	6	9	196	40	71	66	131	100300
464400	10	6	10	210	47	127	121	143	100280
468000	10	6	11	227	50	306	193	154	100259
471600	10	6	12	242	64	271	186	173	100238
475200	10	6	13	234	50	217	174	174	100217
478800	10	6	14	225	64	288	216	180	100196
482400	10	6	15	228	58	249	189	177	100175
486000	10	6	16	220	49	100	97	173	100155
489600	10	6	17	205	35	61	59	168	100134
493200	10	6	18	187	29	20	19	161	100113
496800	10	6	19	164	30	0	0	155	100092
500400	10	6	20	148	31	0	0	144	100071
504000	10	6	21	146	39	0	0	140	100050
507600	10	6	22	152	47	0	0	147	100030
511200	10	6	23	160	48	0	0	145	100009
514800	10	6	24	164	57	0	0	147	99998
518400	10	7	1	163	64	0	0	145	99993
522000	10	7	2	166	73	0	0	147	99989
525600	10	7	3	183	67	0	0	144	99985
529200	10	7	4	198	59	0	0	146	99981
532800	10	7	5	189	51	0	0	140	99977
536400	10	7	6	184	57	0	0	139	99973
540000	10	7	7	188	47	1	2	133	99968
543600	10	7	8	185	55	29	28	132	99964
547200	10	7	9	194	58	154	74	139	99960
550800	10	7	10	205	64	215	111	149	99956
554400	10	7	11	221	69	332	136	158	99952
558000	10	7	12	226	67	421	90	163	99948
561600	10	7	13	238	69	334	126	161	99943
565200	10	7	14	257	98	325	145	163	99939
568800	10	7	15	275	95	125	120	149	99935
572400	10	7	16	275	106	103	93	145	99931
576000	10	7	17	274	110	44	41	129	99927
579600	10	7	18	269	108	10	10	127	99923
583200	10	7	19	269	115	0	0	129	99918
586800	10	7	20	269	124	0	0	125	99914
590400	10	7	21	270	125	0	0	128	99910
594000	10	7	22	268	119	0	0	128	99906
597600	10	7	23	268	106	0	0	123	99902
601200	10	7	24	265	97	0	0	125	99927
604800	10	8	1	259	84	0	0	124	99973
608400	10	8	2	254	69	0	0	122	100018
612000	10	8	3	249	58	0	0	118	100064
615600	10	8	4	252	74	0	0	125	100110
619200	10	8	5	273	99	0	0	129	100156
622800	10	8	6	271	96	0	0	132	100202
626400	10	8	7	273	100	2	2	133	100248
630000	10	8	8	277	76	42	35	134	100293
633600	10	8	9	275	90	91	83	136	100339
637200	10	8	10	274	92	266	142	146	100385
640800	10	8	11	274	105	382	143	156	100431
644400	10	8	12	276	123	405	98	160	100477
648000	10	8	13	279	113	402	157	161	100523
651600	10	8	14	283	111	412	107	166	100568
655200	10	8	15	277	111	318	92	162	100614
658800	10	8	16	276	91	159	113	151	100660
662400	10	8	17	274	70	59	58	141	100706
666000	10	8	18	270	50	16	14	131	100752
669600	10	8	19	265	55	0	0	124	100798
673200	10	8	20	264	49	0	0	119	100843
676800	10	8	21	256	38	0	0	113	100889
680400	10	8	22	251	37	0	0	107	100935
684000	10	8	23	254	26	0	0	106	100981
687600	10	8	24	235	14	0	0	102	101019
691200	10	9	1	223	14	0	0	106	101053
694800	10	9	2	224	17	0	0	117	101086
698400	10	9	3	225	17	0	0	123	101119
702000	10	9	4	233	15	0	0	125	101153
705600	10	9	5	238	16	0	0	125	101186
709200	10	9	6	198	26	0	0	127	101219
712800	10	9	7	185	22	2	2	127	101253
716400	10	9	8	184	30	57	39	133	101286
720000	10	9	9	182	39	152	99	144	101319
723600	10	9	10	185	37	246	141	149	101353
727200	10	9	11	181	38	357	143	161	101386
730800	10	9	12	178	47	405	154	168	101419
734400	10	9	13	166	53	307	218	166	101453
738000	10	9	14	170	49	246	215	165	101486
741600	10	9	15	165	45	155	148	157	101519
745200	10	9	16	174	28	116	107	156	101553
748800	10	9	17	178	31	75	64	153	101586
752400	10	9	18	169	21	19	16	142	101619
756000	10	9	19	177	22	0	0	133	101653
759600	10	9	20	195	19	0	0	133	101686
763200	10	9	21	182	20	0	0	132	101719
766800	10	9	22	174	20	0	0	129	101753
770400	10	9	23	206	21	0	0	132	101786
774000	10	9	24	214	24	0	0	132	101807
777600	10	10	1	225	23	0	0	127	101820
781200	10	10	2	233	32	0	0	127	101832
784800	10	10	3	242	36	0	0	131	101845
788400	10	10	4	247	29	0	0	127	101857
792000	10	10	5	257	28	0	0	127	101870
795600	10	10	6	260	29	0	0	122	101882
799200	10	10	7	248	21	3	3	114	101895
802800	10	10	8	247	21	70	37	114	101907
806400	10	10	9	250	25	199	59	123	101920
810000	10	10	10	275	44	299	61	141	101932
813600	10	10	11	273	40	354	85	150	101945
817200	10	10	12	285	41	452	140	160	101957
820800	10	10	13	290	45	431	116	164	101970
824400	10	10	14	296	47	379	74	164	101982
828000	10	10	15	313	32	258	77	162	101995
831600	10	10	16	296	18	197	68	157	102007
835200	10	10	17	257	7	77	49	150	102020
838800	10	10	18	258	8	11	10	129	102032
842400	10	10	19	109	6	0	0	120	102045
846000	10	10	20	53	6	0	0	116	102057
849600	10	10	21	63	7	0	0	108	102070
853200	10	10	22	200	10	0	0	100	102082
856800	10	10	23	182	7	0	0	96	102095
860400	10	10	24	66	3	0	0	90	102105
864000	10	11	1	49	5	0	0	86	102113
867600	10	11	2	69	6	0	0	92	102122
871200	10	11	3	59	6	0	0	92	102130
874800	10	11	4	67	9	0	0	80	102138
878400	10	11	5	44	8	0	0	85	102147
882000	10	11	6	45	6	0	0	84	102155
885600	10	11	7	61	4	1	2	91	102163
889200	10	11	8	68	5	32	28	99	102172
892800	10	11	9	66	13	173	89	113	102180
896400	10	11	10	101	47	169	111	130	102188
900000	10	11	11	103	50	96	93	135	102197
903600	10	11	12	101	49	111	106	137	102205
907200	10	11	13	101	51	94	91	135	102213
910800	10	11	14	96	43	64	63	133	102222
914400	10	11	15	90	36	55	55	135	102230
918000	10	11	16	92	34	34	34	134	102238
921600	10	11	17	102	33	11	12	129	102247
925200	10	11	18	93	24	5	5	127	102255
928800	10	11	19	81	13	0	0	118	102263
932400	10	11	20	77	15	0	0	113	102272
936000	10	11	21	81	25	0	0	124	102280
939600	10	11	22	84	28	0	0	128	102288
943200	10	11	23	97	47	0	0	133	102297
946800	10	11	24	104	65	0	0	137	102305
950400	10	12	1	103	60	0	0	132	102313
954000	10	12	2	105	60	0	0	132	102322
957600	10	12	3	99	59	0	0	132	102330
961200	10	12	4	95	63	0	0	129	102338
964800	10	12	5	95	61	0	0	126	102347
968400	10	12	6	96	55	0	0	122	102355
972000	10	12	7	95	59	0	0	122	102363
975600	10	12	8	96	55	6	6	123	102372
979200	10	12	9	95	51	21	22	124	102380
982800	10	12	10	100	58	38	37	127	102388
986400	10	12	11	102	57	76	75	130	102397
990000	10	12	12	98	52	77	76	132	102405
993600	10	12	13	95	46	62	62	133	102413
997200	10	12	14	90	38	42	42	131	102422
1000800	10	12	15	91	37	50	50	132	102430
1004400	10	12	16	87	28	31	31	133	102438
1008000	10	12	17	82	22	16	16	133	102447
1011600	10	12	18	82	24	2	2	133	102455
1015200	10	12	19	89	26	0	0	134	102463
1018800	10	12	20	80	20	0	0	133	102472
1022400	10	12	21	70	15	0	0	131	102480
1026000	10	12	22	73	17	0	0	129	102488
1029600	10	12	23	78	17	0	0	131	102497
1033200	10	12	24	80	16	0	0	132	102522
1036800	10	13	1	96	21	0	0	132	102559
1040400	10	13	2	77	12	0	0	128	102597
1044000	10	13	3	64	10	0	0	130	102634
1047600	10	13	4	72	15	0	0	128	102672
1051200	10	13	5	85	13	0	0	125	102709
1054800	10	13	6	89	14	0	0	125	102747
1058400	10	13	7	100	22	1	1	125	102784
1062000	10	13	8	100	29	22	20	122	102822
1065600	10	13	9	91	26	83	67	131	102859
1069200	10	13	10	89	26	156	123	140	102897
1072800	10	13	11	101	39	292	131	146	102934
1076400	10	13	12	97	35	308	110	148	102972
1080000	10	13	13	98	37	355	79	147	103009
1083600	10	13	14	107	42	359	63	147	103047
1087200	10	13	15	100	35	279	64	143	103084
1090800	10	13	16	92	26	178	65	139	103122
1094400	10	13	17	92	19	68	44	128	103159
1098000	10	13	18	92	3	7	7	108	103197
1101600	10	13	19	67	5	0	0	98	103234
1105200	10	13	20	127	6	0	0	90	103272
1108800	10	13	21	116	7	0	0	88	103309
1112400	10	13	22	76	6	0	0	82	103347
1116000	10	13	23	153	7	0	0	77	103384
1119600	10	13	24	101	6	0	0	74	103405
1123200	10	14	1	139	8	0	0	73	103413
1126800	10	14	2	211	5	0	0	73	103422
1130400	10	14	3	183	10	0	0	65	103430
1134000	10	14	4	243	9	0	0	61	103438
1137600	10	14	5	232	11	0	0	58	103447
1141200	10	14	6	224	12	0	0	50	103455
1144800	10	14	7	265	12	1	1	49	103463
1148400	10	14	8	247	13	46	31	56	103472
1152000	10	14	9	237	9	142	72	67	103480
1155600	10	14	10	249	14	263	71	98	103488
1159200	10	14	11	234	17	354	82	125	103497
1162800	10	14	12	251	20	390	112	142	103505
1166400	10	14	13	284	29	352	149	146	103513
1170000	10	14	14	311	24	310	160	147	103522
1173600	10	14	15	264	22	208	157	151	103530
1177200	10	14	16	306	16	104	91	142	103538
1180800	10	14	17	308	14	48	43	128	103547
1184400	10	14	18	232	7	8	7	105	103555
1188000	10	14	19	202	13	0	0	92	103563
1191600	10	14	20	236	18	0	0	83	103572
1195200	10	14	21	232	16	0	0	77	103580
1198800	10	14	22	245	17	0	0	65	103588
1202400	10	14	23	238	16	0	0	61	103597
1206000	10	14	24	244	16	0	0	55	103591
1209600	10	15	1	239	22	0	0	55	103577
1213200	10	15	2	239	20	0	0	52	103562
1216800	10	15	3	246	22	0	0	57	103548
1220400	10	15	4	244	25	0	0	54	103533
1224000	10	15	5	254	27	0	0	56	103519
1227600	10	15	6	247	28	0	0	53	103504
1231200	10	15	7	250	27	1	1	54	103489
1234800	10	15	8	247	26	40	30	56	103475
1238400	10	15	9	246	26	143	77	74	103460
1242000	10	15	10	244	27	256	87	98	103446
1245600	10	15	11	242	21	343	96	120	103431
1249200	10	15	12	252	27	376	112	134	103416
1252800	10	15	13	275	29	303	167	140	103402
1256400	10	15	14	297	33	305	157	143	103387
1260000	10	15	15	324	24	213	133	137	103373
1263600	10	15	16	310	23	141	125	140	103358
1267200	10	15	17	291	15	34	31	135	103344
1270800	10	15	18	263	15	3	3	125	103329
1274400	10	15	19	261	13	0	0	119	103314
1278000	10	15	20	241	12	0	0	107	103300
1281600	10	15	21	235	13	0	0	102	103285
1285200	10	15	22	253	12	0	0	103	103271
1288800	10	15	23	231	11	0	0	103	103256
1292400	10	15	24	228	11	0	0	102	103241
									
