#1
#Denmark_Alborg
#57,100       9,850       5            -8
#
#t(s)	month	day	hour	thewdeg	v_wind	Ghtot	Ghdiff	T_ext	Pa
double tab1(2160,10)
0	10	1	1	212	5	0	0	111	100900
600	10	1	1	212	11	0	0	110	100900
1200	10	1	1	212	15	0	0	109	100900
1800	10	1	1	212	12	0	0	109	100900
2400	10	1	1	212	22	0	0	110	100900
3000	10	1	1	212	27	0	0	109	100900
3600	10	1	2	207	30	0	0	106	100900
4200	10	1	2	207	23	0	0	107	100900
4800	10	1	2	207	23	0	0	106	100900
5400	10	1	2	207	20	0	0	106	100900
6000	10	1	2	207	16	0	0	105	100900
6600	10	1	2	207	15	0	0	101	100900
7200	10	1	3	197	14	0	0	100	100900
7800	10	1	3	197	16	0	0	101	100900
8400	10	1	3	197	26	0	0	100	100900
9000	10	1	3	197	28	0	0	100	100900
9600	10	1	3	197	35	0	0	98	100900
10200	10	1	3	197	29	0	0	100	100900
10800	10	1	4	177	25	0	0	97	100900
11400	10	1	4	177	30	0	0	98	100900
12000	10	1	4	177	28	0	0	96	100900
12600	10	1	4	177	27	0	0	99	100900
13200	10	1	4	177	28	0	0	98	100900
13800	10	1	4	177	27	0	0	99	100900
14400	10	1	5	173	26	0	0	96	100900
15000	10	1	5	173	26	0	0	97	100900
15600	10	1	5	173	25	0	0	92	100900
16200	10	1	5	173	24	0	0	92	100900
16800	10	1	5	173	22	0	0	90	100900
17400	10	1	5	173	22	0	0	87	100900
18000	10	1	6	161	22	0	0	89	100900
18600	10	1	6	161	22	0	0	89	100900
19200	10	1	6	161	22	0	0	89	100900
19800	10	1	6	161	22	0	0	91	100900
20400	10	1	6	161	22	0	0	94	100900
21000	10	1	6	161	12	0	0	95	100900
21600	10	1	7	177	22	9	7	96	100900
22200	10	1	7	177	27	9	7	97	100900
22800	10	1	7	177	30	9	7	99	100900
23400	10	1	7	177	23	9	7	100	100900
24000	10	1	7	177	23	9	7	103	100900
24600	10	1	7	177	20	9	7	106	100900
25200	10	1	8	181	16	88	46	108	100900
25800	10	1	8	181	15	88	46	105	100900
26400	10	1	8	181	14	88	46	110	100900
27000	10	1	8	181	16	88	46	112	100900
27600	10	1	8	181	16	88	46	114	100900
28200	10	1	8	181	17	88	46	115	100900
28800	10	1	9	143	17	112	67	119	100900
29400	10	1	9	143	18	112	67	117	100900
30000	10	1	9	143	16	112	67	116	100900
30600	10	1	9	143	19	112	67	111	100899
31200	10	1	9	143	19	112	67	113	100898
31800	10	1	9	143	20	112	67	115	100897
32400	10	1	10	144	18	246	165	114	100895
33000	10	1	10	144	21	246	165	114	100894
33600	10	1	10	144	23	246	165	117	100893
34200	10	1	10	144	22	246	165	126	100892
34800	10	1	10	144	22	246	165	132	100891
35400	10	1	10	144	19	246	165	141	100890
36000	10	1	11	167	23	413	167	145	100889
36600	10	1	11	167	32	413	167	149	100887
37200	10	1	11	167	32	413	167	148	100886
37800	10	1	11	167	40	413	167	152	100885
38400	10	1	11	167	41	413	167	150	100884
39000	10	1	11	167	50	413	167	155	100883
39600	10	1	12	187	46	440	166	153	100882
40200	10	1	12	187	55	440	166	169	100880
40800	10	1	12	187	48	440	166	175	100879
41400	10	1	12	187	42	440	166	177	100878
42000	10	1	12	187	50	440	166	180	100877
42600	10	1	12	187	46	440	166	181	100876
43200	10	1	13	190	48	451	185	184	100875
43800	10	1	13	190	49	451	185	185	100874
44400	10	1	13	190	52	451	185	187	100872
45000	10	1	13	190	41	451	185	186	100871
45600	10	1	13	190	39	451	185	191	100870
46200	10	1	13	190	45	451	185	191	100869
46800	10	1	14	188	46	397	171	193	100868
47400	10	1	14	188	47	397	171	190	100867
48000	10	1	14	188	41	397	171	193	100866
48600	10	1	14	188	45	397	171	194	100864
49200	10	1	14	188	42	397	171	190	100863
49800	10	1	14	188	45	397	171	193	100862
50400	10	1	15	181	41	295	159	194	100861
51000	10	1	15	181	43	295	159	194	100860
51600	10	1	15	181	48	295	159	191	100859
52200	10	1	15	181	49	295	159	195	100857
52800	10	1	15	181	43	295	159	192	100856
53400	10	1	15	181	43	295	159	189	100855
54000	10	1	16	169	47	215	122	191	100854
54600	10	1	16	169	40	215	122	190	100853
55200	10	1	16	169	45	215	122	185	100852
55800	10	1	16	169	44	215	122	188	100851
56400	10	1	16	169	40	215	122	186	100849
57000	10	1	16	169	34	215	122	184	100848
57600	10	1	17	153	34	74	60	187	100847
58200	10	1	17	153	27	74	60	184	100846
58800	10	1	17	153	25	74	60	175	100845
59400	10	1	17	153	33	74	60	172	100844
60000	10	1	17	153	33	74	60	171	100843
60600	10	1	17	153	33	74	60	170	100841
61200	10	1	18	132	35	12	12	165	100840
61800	10	1	18	132	35	12	12	163	100839
62400	10	1	18	132	39	12	12	162	100838
63000	10	1	18	132	43	12	12	161	100837
63600	10	1	18	132	42	12	12	157	100836
64200	10	1	18	132	47	12	12	149	100834
64800	10	1	19	133	50	0	0	157	100833
65400	10	1	19	133	47	0	0	159	100832
66000	10	1	19	133	53	0	0	158	100831
66600	10	1	19	133	57	0	0	159	100830
67200	10	1	19	133	55	0	0	158	100829
67800	10	1	19	133	56	0	0	155	100828
68400	10	1	20	136	55	0	0	153	100826
69000	10	1	20	136	51	0	0	154	100825
69600	10	1	20	136	54	0	0	153	100824
70200	10	1	20	136	59	0	0	154	100823
70800	10	1	20	136	60	0	0	157	100822
71400	10	1	20	136	53	0	0	156	100821
72000	10	1	21	149	40	0	0	155	100820
72600	10	1	21	149	41	0	0	147	100818
73200	10	1	21	149	44	0	0	147	100817
73800	10	1	21	149	42	0	0	145	100816
74400	10	1	21	149	45	0	0	145	100815
75000	10	1	21	149	43	0	0	146	100814
75600	10	1	22	159	41	0	0	145	100813
76200	10	1	22	159	38	0	0	145	100811
76800	10	1	22	159	35	0	0	146	100810
77400	10	1	22	159	36	0	0	146	100809
78000	10	1	22	159	34	0	0	147	100808
78600	10	1	22	159	40	0	0	149	100807
79200	10	1	23	205	45	0	0	149	100806
79800	10	1	23	205	41	0	0	147	100805
80400	10	1	23	205	33	0	0	149	100803
81000	10	1	23	205	36	0	0	151	100802
81600	10	1	23	205	41	0	0	149	100801
82200	10	1	23	205	40	0	0	145	100800
82800	10	1	24	231	37	0	0	140	100794
83400	10	1	24	231	31	0	0	137	100789
84000	10	1	24	231	16	0	0	131	100783
84600	10	1	24	231	14	0	0	132	100778
85200	10	1	24	231	10	0	0	130	100772
85800	10	1	24	231	13	0	0	128	100767
86400	10	2	1	142	14	0	0	129	100761
87000	10	2	1	142	13	0	0	129	100756
87600	10	2	1	142	10	0	0	131	100750
88200	10	2	1	142	5	0	0	132	100744
88800	10	2	1	142	10	0	0	131	100739
89400	10	2	1	142	13	0	0	132	100733
90000	10	2	2	179	11	0	0	132	100728
90600	10	2	2	179	21	0	0	129	100722
91200	10	2	2	179	26	0	0	130	100717
91800	10	2	2	179	28	0	0	128	100711
92400	10	2	2	179	24	0	0	129	100706
93000	10	2	2	179	24	0	0	128	100700
93600	10	2	3	155	19	0	0	128	100694
94200	10	2	3	155	13	0	0	127	100689
94800	10	2	3	155	14	0	0	127	100683
95400	10	2	3	155	13	0	0	125	100678
96000	10	2	3	155	14	0	0	125	100672
96600	10	2	3	155	25	0	0	126	100667
97200	10	2	4	176	29	0	0	124	100661
97800	10	2	4	176	34	0	0	124	100656
98400	10	2	4	176	28	0	0	124	100650
99000	10	2	4	176	23	0	0	123	100644
99600	10	2	4	176	29	0	0	123	100639
100200	10	2	4	176	27	0	0	121	100633
100800	10	2	5	167	26	0	0	119	100628
101400	10	2	5	167	29	0	0	119	100622
102000	10	2	5	167	34	0	0	118	100617
102600	10	2	5	167	32	0	0	120	100611
103200	10	2	5	167	31	0	0	123	100606
103800	10	2	5	167	37	0	0	122	100600
104400	10	2	6	184	34	0	0	123	100594
105000	10	2	6	184	39	0	0	122	100589
105600	10	2	6	184	36	0	0	123	100583
106200	10	2	6	184	36	0	0	121	100578
106800	10	2	6	184	34	0	0	122	100572
107400	10	2	6	184	41	0	0	121	100567
108000	10	2	7	181	40	5	5	122	100561
108600	10	2	7	181	37	5	5	120	100556
109200	10	2	7	181	36	5	5	121	100550
109800	10	2	7	181	35	5	5	119	100544
110400	10	2	7	181	35	5	5	118	100539
111000	10	2	7	181	40	5	5	119	100533
111600	10	2	8	175	35	42	41	122	100528
112200	10	2	8	175	37	42	41	122	100522
112800	10	2	8	175	34	42	41	125	100517
113400	10	2	8	175	29	42	41	122	100511
114000	10	2	8	175	32	42	41	124	100506
114600	10	2	8	175	29	42	41	127	100500
115200	10	2	9	173	24	224	140	129	100494
115800	10	2	9	173	34	224	140	134	100489
116400	10	2	9	173	34	224	140	139	100483
117000	10	2	9	173	48	224	140	142	100478
117600	10	2	9	173	57	224	140	149	100472
118200	10	2	9	173	51	224	140	156	100467
118800	10	2	10	173	57	164	112	150	100461
119400	10	2	10	173	51	164	112	145	100456
120000	10	2	10	173	52	164	112	139	100450
120600	10	2	10	173	51	164	112	141	100444
121200	10	2	10	173	63	164	112	142	100439
121800	10	2	10	173	57	164	112	148	100433
122400	10	2	11	185	53	313	204	150	100428
123000	10	2	11	185	50	313	204	155	100422
123600	10	2	11	185	49	313	204	157	100417
124200	10	2	11	185	48	313	204	159	100411
124800	10	2	11	185	55	313	204	168	100406
125400	10	2	11	185	51	313	204	168	100400
126000	10	2	12	186	44	211	200	161	100394
126600	10	2	12	186	41	211	200	157	100389
127200	10	2	12	186	46	211	200	161	100383
127800	10	2	12	186	55	211	200	164	100378
128400	10	2	12	186	52	211	200	168	100372
129000	10	2	12	186	40	211	200	155	100367
129600	10	2	13	186	43	293	234	134	100361
130200	10	2	13	186	45	293	234	141	100356
130800	10	2	13	186	48	293	234	137	100350
131400	10	2	13	186	53	293	234	137	100344
132000	10	2	13	186	46	293	234	150	100339
132600	10	2	13	186	46	293	234	164	100333
133200	10	2	14	199	38	245	185	159	100328
133800	10	2	14	199	42	245	185	166	100322
134400	10	2	14	199	46	245	185	170	100317
135000	10	2	14	199	44	245	185	164	100311
135600	10	2	14	199	38	245	185	164	100306
136200	10	2	14	199	43	245	185	161	100300
136800	10	2	15	215	43	274	179	159	100294
137400	10	2	15	215	53	274	179	167	100289
138000	10	2	15	215	43	274	179	168	100283
138600	10	2	15	215	43	274	179	169	100278
139200	10	2	15	215	37	274	179	162	100272
139800	10	2	15	215	27	274	179	154	100267
140400	10	2	16	202	23	214	133	147	100261
141000	10	2	16	202	32	214	133	147	100256
141600	10	2	16	202	39	214	133	150	100250
142200	10	2	16	202	42	214	133	160	100244
142800	10	2	16	202	36	214	133	161	100239
143400	10	2	16	202	31	214	133	157	100233
144000	10	2	17	187	25	73	68	150	100228
144600	10	2	17	187	20	73	68	148	100222
145200	10	2	17	187	23	73	68	149	100217
145800	10	2	17	187	25	73	68	148	100211
146400	10	2	17	187	19	73	68	146	100206
147000	10	2	17	187	25	73	68	142	100200
147600	10	2	18	184	24	12	12	140	100194
148200	10	2	18	184	24	12	12	138	100189
148800	10	2	18	184	36	12	12	135	100183
149400	10	2	18	184	38	12	12	137	100178
150000	10	2	18	184	32	12	12	139	100172
150600	10	2	18	184	30	12	12	136	100167
151200	10	2	19	159	14	0	0	131	100161
151800	10	2	19	159	16	0	0	131	100156
152400	10	2	19	159	17	0	0	129	100150
153000	10	2	19	159	18	0	0	129	100144
153600	10	2	19	159	16	0	0	128	100139
154200	10	2	19	159	18	0	0	129	100133
154800	10	2	20	166	17	0	0	128	100128
155400	10	2	20	166	17	0	0	128	100122
156000	10	2	20	166	18	0	0	125	100117
156600	10	2	20	166	24	0	0	124	100111
157200	10	2	20	166	24	0	0	124	100106
157800	10	2	20	166	26	0	0	127	100100
158400	10	2	21	182	32	0	0	127	100094
159000	10	2	21	182	24	0	0	127	100089
159600	10	2	21	182	20	0	0	124	100083
160200	10	2	21	182	25	0	0	123	100078
160800	10	2	21	182	27	0	0	121	100072
161400	10	2	21	182	23	0	0	123	100067
162000	10	2	22	166	22	0	0	121	100061
162600	10	2	22	166	21	0	0	120	100056
163200	10	2	22	166	20	0	0	118	100050
163800	10	2	22	166	15	0	0	118	100044
164400	10	2	22	166	19	0	0	117	100039
165000	10	2	22	166	13	0	0	118	100033
165600	10	2	23	148	7	0	0	116	100028
166200	10	2	23	148	6	0	0	116	100022
166800	10	2	23	148	9	0	0	115	100017
167400	10	2	23	148	11	0	0	115	100011
168000	10	2	23	148	5	0	0	116	100006
168600	10	2	23	148	9	0	0	115	100000
169200	10	2	24	254	9	0	0	117	99997
169800	10	2	24	254	19	0	0	119	99994
170400	10	2	24	254	20	0	0	120	99992
171000	10	2	24	254	19	0	0	122	99989
171600	10	2	24	254	17	0	0	120	99986
172200	10	2	24	254	17	0	0	119	99983
172800	10	3	1	260	18	0	0	121	99981
173400	10	3	1	260	19	0	0	120	99978
174000	10	3	1	260	22	0	0	122	99975
174600	10	3	1	260	23	0	0	122	99972
175200	10	3	1	260	29	0	0	124	99969
175800	10	3	1	260	29	0	0	124	99967
176400	10	3	2	257	30	0	0	123	99964
177000	10	3	2	257	34	0	0	124	99961
177600	10	3	2	257	32	0	0	123	99958
178200	10	3	2	257	27	0	0	127	99956
178800	10	3	2	257	29	0	0	125	99953
179400	10	3	2	257	30	0	0	125	99950
180000	10	3	3	239	33	0	0	125	99947
180600	10	3	3	239	28	0	0	125	99944
181200	10	3	3	239	26	0	0	125	99942
181800	10	3	3	239	28	0	0	128	99939
182400	10	3	3	239	27	0	0	127	99936
183000	10	3	3	239	36	0	0	128	99933
183600	10	3	4	247	34	0	0	131	99931
184200	10	3	4	247	37	0	0	130	99928
184800	10	3	4	247	41	0	0	129	99925
185400	10	3	4	247	36	0	0	125	99922
186000	10	3	4	247	32	0	0	126	99919
186600	10	3	4	247	35	0	0	125	99917
187200	10	3	5	237	36	0	0	125	99914
187800	10	3	5	237	23	0	0	119	99911
188400	10	3	5	237	26	0	0	119	99908
189000	10	3	5	237	21	0	0	118	99906
189600	10	3	5	237	24	0	0	119	99903
190200	10	3	5	237	25	0	0	116	99900
190800	10	3	6	250	29	0	0	116	99897
191400	10	3	6	250	28	0	0	115	99894
192000	10	3	6	250	35	0	0	114	99892
192600	10	3	6	250	37	0	0	115	99889
193200	10	3	6	250	39	0	0	121	99886
193800	10	3	6	250	38	0	0	116	99883
194400	10	3	7	234	32	8	6	116	99881
195000	10	3	7	234	27	8	6	114	99878
195600	10	3	7	234	27	8	6	114	99875
196200	10	3	7	234	31	8	6	113	99872
196800	10	3	7	234	35	8	6	112	99869
197400	10	3	7	234	32	8	6	115	99867
198000	10	3	8	232	30	113	66	116	99864
198600	10	3	8	232	33	113	66	117	99861
199200	10	3	8	232	32	113	66	115	99858
199800	10	3	8	232	35	113	66	116	99856
200400	10	3	8	232	33	113	66	117	99853
201000	10	3	8	232	33	113	66	119	99850
201600	10	3	9	238	31	139	114	124	99847
202200	10	3	9	238	31	139	114	125	99844
202800	10	3	9	238	32	139	114	131	99842
203400	10	3	9	238	30	139	114	132	99839
204000	10	3	9	238	30	139	114	132	99836
204600	10	3	9	238	30	139	114	131	99833
205200	10	3	10	226	31	160	145	135	99831
205800	10	3	10	226	36	160	145	140	99828
206400	10	3	10	226	33	160	145	140	99825
207000	10	3	10	226	32	160	145	141	99822
207600	10	3	10	226	33	160	145	142	99819
208200	10	3	10	226	32	160	145	143	99817
208800	10	3	11	229	30	266	225	143	99814
209400	10	3	11	229	33	266	225	144	99811
210000	10	3	11	229	33	266	225	148	99808
210600	10	3	11	229	38	266	225	155	99806
211200	10	3	11	229	39	266	225	157	99803
211800	10	3	11	229	43	266	225	162	99800
212400	10	3	12	245	45	296	240	165	99797
213000	10	3	12	245	51	296	240	165	99794
213600	10	3	12	245	49	296	240	162	99792
214200	10	3	12	245	49	296	240	162	99789
214800	10	3	12	245	45	296	240	169	99786
215400	10	3	12	245	43	296	240	166	99783
216000	10	3	13	228	37	383	218	170	99781
216600	10	3	13	228	43	383	218	176	99778
217200	10	3	13	228	43	383	218	174	99775
217800	10	3	13	228	33	383	218	171	99772
218400	10	3	13	228	32	383	218	170	99769
219000	10	3	13	228	38	383	218	168	99767
219600	10	3	14	241	37	171	160	163	99764
220200	10	3	14	241	31	171	160	165	99761
220800	10	3	14	241	35	171	160	165	99758
221400	10	3	14	241	39	171	160	165	99756
222000	10	3	14	241	30	171	160	165	99753
222600	10	3	14	241	35	171	160	167	99750
223200	10	3	15	229	34	197	143	170	99747
223800	10	3	15	229	29	197	143	174	99744
224400	10	3	15	229	23	197	143	168	99742
225000	10	3	15	229	32	197	143	160	99739
225600	10	3	15	229	30	197	143	159	99736
226200	10	3	15	229	30	197	143	159	99733
226800	10	3	16	213	26	231	98	168	99731
227400	10	3	16	213	32	231	98	165	99728
228000	10	3	16	213	28	231	98	163	99725
228600	10	3	16	213	29	231	98	160	99722
229200	10	3	16	213	26	231	98	152	99719
229800	10	3	16	213	22	231	98	152	99717
230400	10	3	17	241	18	66	63	152	99714
231000	10	3	17	241	12	66	63	149	99711
231600	10	3	17	241	10	66	63	148	99708
232200	10	3	17	241	15	66	63	151	99706
232800	10	3	17	241	10	66	63	150	99703
233400	10	3	17	241	6	66	63	146	99700
234000	10	3	18	186	6	13	13	143	99697
234600	10	3	18	186	6	13	13	142	99694
235200	10	3	18	186	4	13	13	141	99692
235800	10	3	18	186	5	13	13	131	99689
236400	10	3	18	186	9	13	13	132	99686
237000	10	3	18	186	13	13	13	135	99683
237600	10	3	19	157	11	0	0	135	99681
238200	10	3	19	157	12	0	0	134	99678
238800	10	3	19	157	12	0	0	135	99675
239400	10	3	19	157	10	0	0	131	99672
240000	10	3	19	157	10	0	0	132	99669
240600	10	3	19	157	14	0	0	128	99667
241200	10	3	20	187	11	0	0	126	99664
241800	10	3	20	187	12	0	0	123	99661
242400	10	3	20	187	9	0	0	118	99658
243000	10	3	20	187	7	0	0	119	99656
243600	10	3	20	187	7	0	0	118	99653
244200	10	3	20	187	10	0	0	114	99650
244800	10	3	21	216	5	0	0	116	99647
245400	10	3	21	216	7	0	0	115	99644
246000	10	3	21	216	8	0	0	112	99642
246600	10	3	21	216	11	0	0	111	99639
247200	10	3	21	216	9	0	0	115	99636
247800	10	3	21	216	10	0	0	116	99633
248400	10	3	22	218	12	0	0	117	99631
249000	10	3	22	218	20	0	0	114	99628
249600	10	3	22	218	38	0	0	116	99625
250200	10	3	22	218	25	0	0	121	99622
250800	10	3	22	218	18	0	0	116	99619
251400	10	3	22	218	14	0	0	112	99617
252000	10	3	23	168	10	0	0	115	99614
252600	10	3	23	168	5	0	0	113	99611
253200	10	3	23	168	10	0	0	114	99608
253800	10	3	23	168	6	0	0	113	99606
254400	10	3	23	168	3	0	0	112	99603
255000	10	3	23	168	10	0	0	114	99600
255600	10	3	24	221	18	0	0	114	99603
256200	10	3	24	221	26	0	0	115	99606
256800	10	3	24	221	22	0	0	118	99608
257400	10	3	24	221	23	0	0	117	99611
258000	10	3	24	221	23	0	0	115	99614
258600	10	3	24	221	19	0	0	116	99617
259200	10	4	1	236	20	0	0	113	99619
259800	10	4	1	236	22	0	0	110	99622
260400	10	4	1	236	26	0	0	110	99625
261000	10	4	1	236	25	0	0	107	99628
261600	10	4	1	236	25	0	0	107	99631
262200	10	4	1	236	26	0	0	104	99633
262800	10	4	2	236	27	0	0	103	99636
263400	10	4	2	236	28	0	0	103	99639
264000	10	4	2	236	22	0	0	102	99642
264600	10	4	2	236	19	0	0	101	99644
265200	10	4	2	236	15	0	0	100	99647
265800	10	4	2	236	15	0	0	99	99650
266400	10	4	3	241	20	0	0	101	99653
267000	10	4	3	241	20	0	0	97	99656
267600	10	4	3	241	21	0	0	93	99658
268200	10	4	3	241	20	0	0	95	99661
268800	10	4	3	241	18	0	0	95	99664
269400	10	4	3	241	15	0	0	96	99667
270000	10	4	4	238	13	0	0	94	99669
270600	10	4	4	238	8	0	0	95	99672
271200	10	4	4	238	7	0	0	95	99675
271800	10	4	4	238	6	0	0	93	99678
272400	10	4	4	238	13	0	0	90	99681
273000	10	4	4	238	17	0	0	89	99683
273600	10	4	5	240	14	0	0	92	99686
274200	10	4	5	240	12	0	0	91	99689
274800	10	4	5	240	9	0	0	93	99692
275400	10	4	5	240	2	0	0	94	99694
276000	10	4	5	240	12	0	0	91	99697
276600	10	4	5	240	17	0	0	91	99700
277200	10	4	6	234	14	0	0	93	99703
277800	10	4	6	234	14	0	0	95	99706
278400	10	4	6	234	19	0	0	95	99708
279000	10	4	6	234	20	0	0	96	99711
279600	10	4	6	234	16	0	0	94	99714
280200	10	4	6	234	16	0	0	95	99717
280800	10	4	7	240	21	6	5	97	99719
281400	10	4	7	240	21	6	5	99	99722
282000	10	4	7	240	17	6	5	101	99725
282600	10	4	7	240	17	6	5	100	99728
283200	10	4	7	240	15	6	5	103	99731
283800	10	4	7	240	14	6	5	105	99733
284400	10	4	8	237	11	58	39	105	99736
285000	10	4	8	237	10	58	39	104	99739
285600	10	4	8	237	13	58	39	103	99742
286200	10	4	8	237	21	58	39	103	99744
286800	10	4	8	237	20	58	39	105	99747
287400	10	4	8	237	20	58	39	106	99750
288000	10	4	9	254	26	227	85	110	99753
288600	10	4	9	254	33	227	85	114	99756
289200	10	4	9	254	36	227	85	120	99758
289800	10	4	9	254	35	227	85	124	99761
290400	10	4	9	254	35	227	85	131	99764
291000	10	4	9	254	38	227	85	137	99767
291600	10	4	10	265	43	204	178	142	99769
292200	10	4	10	265	41	204	178	148	99772
292800	10	4	10	265	48	204	178	150	99775
293400	10	4	10	265	39	204	178	151	99778
294000	10	4	10	265	42	204	178	150	99781
294600	10	4	10	265	43	204	178	151	99783
295200	10	4	11	275	44	232	174	152	99786
295800	10	4	11	275	48	232	174	152	99789
296400	10	4	11	275	46	232	174	154	99792
297000	10	4	11	275	50	232	174	155	99794
297600	10	4	11	275	41	232	174	158	99797
298200	10	4	11	275	39	232	174	159	99800
298800	10	4	12	268	47	227	182	159	99803
299400	10	4	12	268	51	227	182	160	99806
300000	10	4	12	268	50	227	182	160	99808
300600	10	4	12	268	54	227	182	159	99811
301200	10	4	12	268	54	227	182	156	99814
301800	10	4	12	268	50	227	182	159	99817
302400	10	4	13	261	41	217	189	162	99819
303000	10	4	13	261	37	217	189	151	99822
303600	10	4	13	261	45	217	189	149	99825
304200	10	4	13	261	48	217	189	154	99828
304800	10	4	13	261	56	217	189	157	99831
305400	10	4	13	261	62	217	189	161	99833
306000	10	4	14	289	63	136	130	158	99836
306600	10	4	14	289	51	136	130	157	99839
307200	10	4	14	289	47	136	130	147	99842
307800	10	4	14	289	56	136	130	148	99844
308400	10	4	14	289	63	136	130	151	99847
309000	10	4	14	289	68	136	130	153	99850
309600	10	4	15	288	56	175	159	155	99853
310200	10	4	15	288	59	175	159	158	99856
310800	10	4	15	288	68	175	159	158	99858
311400	10	4	15	288	63	175	159	159	99861
312000	10	4	15	288	64	175	159	158	99864
312600	10	4	15	288	59	175	159	156	99867
313200	10	4	16	289	70	229	99	161	99869
313800	10	4	16	289	80	229	99	157	99872
314400	10	4	16	289	68	229	99	161	99875
315000	10	4	16	289	68	229	99	159	99878
315600	10	4	16	289	66	229	99	156	99881
316200	10	4	16	289	60	229	99	153	99883
316800	10	4	17	278	54	132	56	153	99886
317400	10	4	17	278	62	132	56	154	99889
318000	10	4	17	278	58	132	56	150	99892
318600	10	4	17	278	48	132	56	147	99894
319200	10	4	17	278	45	132	56	144	99897
319800	10	4	17	278	45	132	56	141	99900
320400	10	4	18	271	36	25	20	141	99903
321000	10	4	18	271	33	25	20	136	99906
321600	10	4	18	271	33	25	20	135	99908
322200	10	4	18	271	34	25	20	130	99911
322800	10	4	18	271	33	25	20	124	99914
323400	10	4	18	271	28	25	20	121	99917
324000	10	4	19	254	32	0	0	120	99919
324600	10	4	19	254	35	0	0	118	99922
325200	10	4	19	254	30	0	0	118	99925
325800	10	4	19	254	17	0	0	118	99928
326400	10	4	19	254	18	0	0	106	99931
327000	10	4	19	254	21	0	0	106	99933
327600	10	4	20	247	24	0	0	104	99936
328200	10	4	20	247	26	0	0	107	99939
328800	10	4	20	247	24	0	0	108	99942
329400	10	4	20	247	26	0	0	103	99944
330000	10	4	20	247	22	0	0	103	99947
330600	10	4	20	247	28	0	0	103	99950
331200	10	4	21	241	29	0	0	100	99953
331800	10	4	21	241	24	0	0	98	99956
332400	10	4	21	241	23	0	0	99	99958
333000	10	4	21	241	24	0	0	98	99961
333600	10	4	21	241	27	0	0	98	99964
334200	10	4	21	241	30	0	0	98	99967
334800	10	4	22	241	29	0	0	98	99969
335400	10	4	22	241	24	0	0	96	99972
336000	10	4	22	241	27	0	0	95	99975
336600	10	4	22	241	28	0	0	96	99978
337200	10	4	22	241	30	0	0	94	99981
337800	10	4	22	241	30	0	0	99	99983
338400	10	4	23	244	38	0	0	100	99986
339000	10	4	23	244	37	0	0	99	99989
339600	10	4	23	244	36	0	0	97	99992
340200	10	4	23	244	31	0	0	97	99994
340800	10	4	23	244	28	0	0	98	99997
341400	10	4	23	244	27	0	0	96	100000
342000	10	4	24	233	29	0	0	97	100003
342600	10	4	24	233	26	0	0	94	100007
343200	10	4	24	233	27	0	0	96	100010
343800	10	4	24	233	29	0	0	94	100014
344400	10	4	24	233	24	0	0	92	100017
345000	10	4	24	233	19	0	0	93	100021
345600	10	5	1	240	20	0	0	90	100024
346200	10	5	1	240	26	0	0	87	100028
346800	10	5	1	240	30	0	0	88	100031
347400	10	5	1	240	34	0	0	88	100035
348000	10	5	1	240	35	0	0	88	100038
348600	10	5	1	240	34	0	0	90	100042
349200	10	5	2	249	40	0	0	88	100045
349800	10	5	2	249	44	0	0	90	100049
350400	10	5	2	249	44	0	0	91	100052
351000	10	5	2	249	42	0	0	93	100056
351600	10	5	2	249	41	0	0	96	100059
352200	10	5	2	249	42	0	0	95	100063
352800	10	5	3	244	37	0	0	91	100066
353400	10	5	3	244	37	0	0	92	100069
354000	10	5	3	244	41	0	0	92	100073
354600	10	5	3	244	35	0	0	90	100076
355200	10	5	3	244	35	0	0	92	100080
355800	10	5	3	244	38	0	0	90	100083
356400	10	5	4	240	37	0	0	89	100087
357000	10	5	4	240	35	0	0	92	100090
357600	10	5	4	240	34	0	0	92	100094
358200	10	5	4	240	30	0	0	90	100097
358800	10	5	4	240	28	0	0	88	100101
359400	10	5	4	240	28	0	0	87	100104
360000	10	5	5	232	28	0	0	85	100108
360600	10	5	5	232	28	0	0	85	100111
361200	10	5	5	232	30	0	0	82	100115
361800	10	5	5	232	29	0	0	83	100118
362400	10	5	5	232	26	0	0	81	100122
363000	10	5	5	232	28	0	0	79	100125
363600	10	5	6	220	27	0	0	78	100128
364200	10	5	6	220	26	0	0	79	100132
364800	10	5	6	220	28	0	0	75	100135
365400	10	5	6	220	30	0	0	76	100139
366000	10	5	6	220	27	0	0	76	100142
366600	10	5	6	220	31	0	0	77	100146
367200	10	5	7	228	34	5	5	75	100149
367800	10	5	7	228	27	5	5	76	100153
368400	10	5	7	228	27	5	5	78	100156
369000	10	5	7	228	28	5	5	77	100160
369600	10	5	7	228	32	5	5	78	100163
370200	10	5	7	228	27	5	5	82	100167
370800	10	5	8	238	32	64	38	81	100170
371400	10	5	8	238	29	64	38	82	100174
372000	10	5	8	238	32	64	38	85	100177
372600	10	5	8	238	33	64	38	86	100181
373200	10	5	8	238	37	64	38	88	100184
373800	10	5	8	238	41	64	38	94	100188
374400	10	5	9	232	42	190	65	97	100191
375000	10	5	9	232	36	190	65	101	100194
375600	10	5	9	232	35	190	65	104	100198
376200	10	5	9	232	38	190	65	107	100201
376800	10	5	9	232	39	190	65	110	100205
377400	10	5	9	232	44	190	65	111	100208
378000	10	5	10	243	51	324	63	115	100212
378600	10	5	10	243	46	324	63	118	100215
379200	10	5	10	243	47	324	63	121	100219
379800	10	5	10	243	47	324	63	123	100222
380400	10	5	10	243	38	324	63	127	100226
381000	10	5	10	243	49	324	63	129	100229
381600	10	5	11	266	48	422	108	131	100233
382200	10	5	11	266	62	422	108	136	100236
382800	10	5	11	266	68	422	108	147	100240
383400	10	5	11	266	83	422	108	144	100243
384000	10	5	11	266	65	422	108	146	100247
384600	10	5	11	266	87	422	108	143	100250
385200	10	5	12	263	77	355	77	145	100253
385800	10	5	12	263	85	355	77	146	100257
386400	10	5	12	263	79	355	77	146	100260
387000	10	5	12	263	73	355	77	148	100264
387600	10	5	12	263	51	355	77	147	100267
388200	10	5	12	263	46	355	77	138	100271
388800	10	5	13	245	42	177	93	135	100274
389400	10	5	13	245	51	177	93	141	100278
390000	10	5	13	245	64	177	93	148	100281
390600	10	5	13	245	78	177	93	146	100285
391200	10	5	13	245	58	177	93	133	100288
391800	10	5	13	245	45	177	93	116	100292
392400	10	5	14	235	47	394	102	114	100295
393000	10	5	14	235	48	394	102	132	100299
393600	10	5	14	235	58	394	102	133	100302
394200	10	5	14	235	62	394	102	135	100306
394800	10	5	14	235	56	394	102	137	100309
395400	10	5	14	235	53	394	102	135	100313
396000	10	5	15	239	49	344	60	134	100316
396600	10	5	15	239	47	344	60	135	100319
397200	10	5	15	239	53	344	60	137	100323
397800	10	5	15	239	60	344	60	139	100326
398400	10	5	15	239	55	344	60	139	100330
399000	10	5	15	239	50	344	60	135	100333
399600	10	5	16	234	47	138	77	134	100337
400200	10	5	16	234	38	138	77	132	100340
400800	10	5	16	234	36	138	77	133	100344
401400	10	5	16	234	38	138	77	130	100347
402000	10	5	16	234	45	138	77	135	100351
402600	10	5	16	234	42	138	77	134	100354
403200	10	5	17	211	32	113	55	134	100358
403800	10	5	17	211	37	113	55	132	100361
404400	10	5	17	211	33	113	55	130	100365
405000	10	5	17	211	23	113	55	130	100368
405600	10	5	17	211	23	113	55	125	100372
406200	10	5	17	211	25	113	55	131	100375
406800	10	5	18	187	29	14	14	129	100378
407400	10	5	18	187	23	14	14	122	100382
408000	10	5	18	187	22	14	14	121	100385
408600	10	5	18	187	25	14	14	120	100389
409200	10	5	18	187	26	14	14	117	100392
409800	10	5	18	187	21	14	14	113	100396
410400	10	5	19	195	19	0	0	107	100399
411000	10	5	19	195	18	0	0	106	100403
411600	10	5	19	195	16	0	0	104	100406
412200	10	5	19	195	16	0	0	102	100410
412800	10	5	19	195	16	0	0	101	100413
413400	10	5	19	195	19	0	0	104	100417
414000	10	5	20	186	20	0	0	104	100420
414600	10	5	20	186	18	0	0	105	100424
415200	10	5	20	186	25	0	0	102	100427
415800	10	5	20	186	28	0	0	103	100431
416400	10	5	20	186	28	0	0	103	100434
417000	10	5	20	186	33	0	0	106	100438
417600	10	5	21	192	37	0	0	105	100441
418200	10	5	21	192	32	0	0	106	100444
418800	10	5	21	192	36	0	0	105	100448
419400	10	5	21	192	41	0	0	103	100451
420000	10	5	21	192	37	0	0	104	100455
420600	10	5	21	192	42	0	0	106	100458
421200	10	5	22	186	44	0	0	106	100462
421800	10	5	22	186	45	0	0	105	100465
422400	10	5	22	186	39	0	0	105	100469
423000	10	5	22	186	42	0	0	107	100472
423600	10	5	22	186	38	0	0	105	100476
424200	10	5	22	186	41	0	0	104	100479
424800	10	5	23	183	41	0	0	104	100483
425400	10	5	23	183	41	0	0	105	100486
426000	10	5	23	183	40	0	0	106	100490
426600	10	5	23	183	36	0	0	106	100493
427200	10	5	23	183	35	0	0	108	100497
427800	10	5	23	183	37	0	0	108	100500
428400	10	5	24	189	40	0	0	108	100497
429000	10	5	24	189	44	0	0	108	100493
429600	10	5	24	189	43	0	0	109	100490
430200	10	5	24	189	45	0	0	108	100486
430800	10	5	24	189	49	0	0	110	100483
431400	10	5	24	189	52	0	0	111	100479
432000	10	6	1	170	52	0	0	110	100476
432600	10	6	1	170	39	0	0	110	100472
433200	10	6	1	170	37	0	0	106	100469
433800	10	6	1	170	35	0	0	104	100465
434400	10	6	1	170	36	0	0	102	100462
435000	10	6	1	170	28	0	0	101	100458
435600	10	6	2	139	30	0	0	100	100455
436200	10	6	2	139	28	0	0	101	100451
436800	10	6	2	139	33	0	0	99	100448
437400	10	6	2	139	41	0	0	98	100444
438000	10	6	2	139	39	0	0	100	100441
438600	10	6	2	139	42	0	0	99	100438
439200	10	6	3	135	45	0	0	100	100434
439800	10	6	3	135	49	0	0	101	100431
440400	10	6	3	135	47	0	0	103	100427
441000	10	6	3	135	52	0	0	103	100424
441600	10	6	3	135	67	0	0	104	100420
442200	10	6	3	135	66	0	0	106	100417
442800	10	6	4	141	70	0	0	111	100413
443400	10	6	4	141	69	0	0	113	100410
444000	10	6	4	141	70	0	0	112	100406
444600	10	6	4	141	70	0	0	112	100403
445200	10	6	4	141	67	0	0	110	100399
445800	10	6	4	141	66	0	0	112	100396
446400	10	6	5	149	65	0	0	112	100392
447000	10	6	5	149	59	0	0	111	100389
447600	10	6	5	149	66	0	0	113	100385
448200	10	6	5	149	60	0	0	112	100382
448800	10	6	5	149	60	0	0	112	100378
449400	10	6	5	149	60	0	0	112	100375
450000	10	6	6	158	58	0	0	114	100372
450600	10	6	6	158	61	0	0	113	100368
451200	10	6	6	158	59	0	0	115	100365
451800	10	6	6	158	59	0	0	115	100361
452400	10	6	6	158	65	0	0	116	100358
453000	10	6	6	158	62	0	0	116	100354
453600	10	6	7	168	59	1	1	116	100351
454200	10	6	7	168	50	1	1	116	100347
454800	10	6	7	168	43	1	1	116	100344
455400	10	6	7	168	48	1	1	116	100340
456000	10	6	7	168	46	1	1	117	100337
456600	10	6	7	168	41	1	1	118	100333
457200	10	6	8	177	48	19	19	117	100330
457800	10	6	8	177	43	19	19	120	100326
458400	10	6	8	177	42	19	19	121	100323
459000	10	6	8	177	34	19	19	119	100319
459600	10	6	8	177	38	19	19	120	100316
460200	10	6	8	177	36	19	19	124	100313
460800	10	6	9	196	38	71	66	126	100309
461400	10	6	9	196	47	71	66	130	100306
462000	10	6	9	196	39	71	66	132	100302
462600	10	6	9	196	36	71	66	132	100299
463200	10	6	9	196	39	71	66	132	100295
463800	10	6	9	196	41	71	66	134	100292
464400	10	6	10	210	43	127	121	135	100288
465000	10	6	10	210	44	127	121	143	100285
465600	10	6	10	210	51	127	121	144	100281
466200	10	6	10	210	49	127	121	145	100278
466800	10	6	10	210	42	127	121	147	100274
467400	10	6	10	210	50	127	121	144	100271
468000	10	6	11	227	49	306	193	145	100267
468600	10	6	11	227	46	306	193	145	100264
469200	10	6	11	227	49	306	193	155	100260
469800	10	6	11	227	44	306	193	156	100257
470400	10	6	11	227	46	306	193	158	100253
471000	10	6	11	227	66	306	193	165	100250
471600	10	6	12	242	67	271	186	169	100247
472200	10	6	12	242	65	271	186	176	100243
472800	10	6	12	242	59	271	186	171	100240
473400	10	6	12	242	57	271	186	171	100236
474000	10	6	12	242	72	271	186	176	100233
474600	10	6	12	242	66	271	186	175	100229
475200	10	6	13	234	53	217	174	173	100226
475800	10	6	13	234	54	217	174	168	100222
476400	10	6	13	234	39	217	174	170	100219
477000	10	6	13	234	45	217	174	173	100215
477600	10	6	13	234	55	217	174	181	100212
478200	10	6	13	234	51	217	174	178	100208
478800	10	6	14	225	64	288	216	177	100205
479400	10	6	14	225	75	288	216	183	100201
480000	10	6	14	225	62	288	216	182	100198
480600	10	6	14	225	60	288	216	176	100194
481200	10	6	14	225	59	288	216	180	100191
481800	10	6	14	225	66	288	216	179	100188
482400	10	6	15	228	59	249	189	178	100184
483000	10	6	15	228	56	249	189	175	100181
483600	10	6	15	228	60	249	189	176	100177
484200	10	6	15	228	68	249	189	180	100174
484800	10	6	15	228	56	249	189	178	100170
485400	10	6	15	228	51	249	189	175	100167
486000	10	6	16	220	51	100	97	173	100163
486600	10	6	16	220	49	100	97	173	100160
487200	10	6	16	220	51	100	97	173	100156
487800	10	6	16	220	50	100	97	172	100153
488400	10	6	16	220	49	100	97	173	100149
489000	10	6	16	220	42	100	97	172	100146
489600	10	6	17	205	44	61	59	171	100142
490200	10	6	17	205	32	61	59	171	100139
490800	10	6	17	205	38	61	59	169	100135
491400	10	6	17	205	32	61	59	168	100132
492000	10	6	17	205	34	61	59	165	100128
492600	10	6	17	205	31	61	59	165	100125
493200	10	6	18	187	30	20	19	165	100122
493800	10	6	18	187	25	20	19	164	100118
494400	10	6	18	187	33	20	19	162	100115
495000	10	6	18	187	30	20	19	159	100111
495600	10	6	18	187	27	20	19	157	100108
496200	10	6	18	187	28	20	19	157	100104
496800	10	6	19	164	26	0	0	158	100101
497400	10	6	19	164	27	0	0	156	100097
498000	10	6	19	164	31	0	0	152	100094
498600	10	6	19	164	33	0	0	154	100090
499200	10	6	19	164	32	0	0	155	100087
499800	10	6	19	164	31	0	0	153	100083
500400	10	6	20	148	28	0	0	150	100080
501000	10	6	20	148	27	0	0	144	100076
501600	10	6	20	148	28	0	0	143	100073
502200	10	6	20	148	31	0	0	141	100069
502800	10	6	20	148	39	0	0	143	100066
503400	10	6	20	148	34	0	0	142	100063
504000	10	6	21	146	37	0	0	141	100059
504600	10	6	21	146	37	0	0	137	100056
505200	10	6	21	146	37	0	0	137	100052
505800	10	6	21	146	38	0	0	139	100049
506400	10	6	21	146	42	0	0	141	100045
507000	10	6	21	146	43	0	0	144	100042
507600	10	6	22	152	46	0	0	147	100038
508200	10	6	22	152	47	0	0	149	100035
508800	10	6	22	152	44	0	0	147	100031
509400	10	6	22	152	46	0	0	145	100028
510000	10	6	22	152	48	0	0	146	100024
510600	10	6	22	152	49	0	0	146	100021
511200	10	6	23	160	44	0	0	146	100017
511800	10	6	23	160	51	0	0	146	100014
512400	10	6	23	160	44	0	0	145	100010
513000	10	6	23	160	51	0	0	145	100007
513600	10	6	23	160	46	0	0	145	100003
514200	10	6	23	160	53	0	0	143	100000
514800	10	6	24	164	54	0	0	145	99999
515400	10	6	24	164	55	0	0	146	99999
516000	10	6	24	164	60	0	0	148	99998
516600	10	6	24	164	57	0	0	147	99997
517200	10	6	24	164	61	0	0	147	99997
517800	10	6	24	164	55	0	0	147	99996
518400	10	7	1	163	64	0	0	146	99995
519000	10	7	1	163	67	0	0	146	99994
519600	10	7	1	163	60	0	0	145	99994
520200	10	7	1	163	66	0	0	146	99993
520800	10	7	1	163	66	0	0	144	99992
521400	10	7	1	163	58	0	0	144	99992
522000	10	7	2	166	74	0	0	145	99991
522600	10	7	2	166	78	0	0	147	99990
523200	10	7	2	166	66	0	0	148	99990
523800	10	7	2	166	73	0	0	147	99989
524400	10	7	2	166	75	0	0	148	99988
525000	10	7	2	166	69	0	0	148	99988
525600	10	7	3	183	72	0	0	147	99987
526200	10	7	3	183	82	0	0	146	99986
526800	10	7	3	183	66	0	0	147	99985
527400	10	7	3	183	61	0	0	142	99985
528000	10	7	3	183	59	0	0	142	99984
528600	10	7	3	183	59	0	0	143	99983
529200	10	7	4	198	70	0	0	144	99983
529800	10	7	4	198	56	0	0	145	99982
530400	10	7	4	198	61	0	0	148	99981
531000	10	7	4	198	59	0	0	147	99981
531600	10	7	4	198	54	0	0	147	99980
532200	10	7	4	198	54	0	0	145	99979
532800	10	7	5	189	50	0	0	143	99978
533400	10	7	5	189	50	0	0	141	99978
534000	10	7	5	189	50	0	0	141	99977
534600	10	7	5	189	50	0	0	139	99976
535200	10	7	5	189	52	0	0	140	99976
535800	10	7	5	189	58	0	0	138	99975
536400	10	7	6	184	57	0	0	139	99974
537000	10	7	6	184	55	0	0	140	99974
537600	10	7	6	184	55	0	0	139	99973
538200	10	7	6	184	58	0	0	139	99972
538800	10	7	6	184	59	0	0	139	99972
539400	10	7	6	184	57	0	0	136	99971
540000	10	7	7	188	54	1	2	136	99970
540600	10	7	7	188	44	1	2	135	99969
541200	10	7	7	188	41	1	2	134	99969
541800	10	7	7	188	42	1	2	132	99968
542400	10	7	7	188	47	1	2	131	99967
543000	10	7	7	188	55	1	2	130	99967
543600	10	7	8	185	54	29	28	131	99966
544200	10	7	8	185	55	29	28	132	99965
544800	10	7	8	185	56	29	28	132	99965
545400	10	7	8	185	61	29	28	133	99964
546000	10	7	8	185	53	29	28	134	99963
546600	10	7	8	185	53	29	28	133	99963
547200	10	7	9	194	57	154	74	135	99962
547800	10	7	9	194	55	154	74	137	99961
548400	10	7	9	194	60	154	74	137	99960
549000	10	7	9	194	62	154	74	138	99960
549600	10	7	9	194	57	154	74	144	99959
550200	10	7	9	194	57	154	74	145	99958
550800	10	7	10	205	54	215	111	148	99958
551400	10	7	10	205	64	215	111	146	99957
552000	10	7	10	205	69	215	111	148	99956
552600	10	7	10	205	60	215	111	149	99956
553200	10	7	10	205	69	215	111	152	99955
553800	10	7	10	205	72	215	111	150	99954
554400	10	7	11	221	74	332	136	156	99953
555000	10	7	11	221	61	332	136	161	99953
555600	10	7	11	221	71	332	136	155	99952
556200	10	7	11	221	70	332	136	157	99951
556800	10	7	11	221	67	332	136	158	99951
557400	10	7	11	221	68	332	136	163	99950
558000	10	7	12	226	75	421	90	162	99949
558600	10	7	12	226	64	421	90	164	99949
559200	10	7	12	226	68	421	90	164	99948
559800	10	7	12	226	67	421	90	162	99947
560400	10	7	12	226	59	421	90	165	99947
561000	10	7	12	226	70	421	90	164	99946
561600	10	7	13	238	62	334	126	168	99945
562200	10	7	13	238	68	334	126	166	99944
562800	10	7	13	238	54	334	126	159	99944
563400	10	7	13	238	69	334	126	151	99943
564000	10	7	13	238	74	334	126	160	99942
564600	10	7	13	238	87	334	126	162	99942
565200	10	7	14	257	82	325	145	162	99941
565800	10	7	14	257	92	325	145	166	99940
566400	10	7	14	257	109	325	145	165	99940
567000	10	7	14	257	88	325	145	160	99939
567600	10	7	14	257	107	325	145	162	99938
568200	10	7	14	257	111	325	145	164	99938
568800	10	7	15	275	102	125	120	157	99937
569400	10	7	15	275	110	125	120	152	99936
570000	10	7	15	275	110	125	120	151	99935
570600	10	7	15	275	89	125	120	151	99935
571200	10	7	15	275	68	125	120	142	99934
571800	10	7	15	275	88	125	120	143	99933
572400	10	7	16	275	110	103	93	147	99933
573000	10	7	16	275	107	103	93	150	99932
573600	10	7	16	275	115	103	93	146	99931
574200	10	7	16	275	95	103	93	145	99931
574800	10	7	16	275	91	103	93	141	99930
575400	10	7	16	275	118	103	93	139	99929
576000	10	7	17	274	109	44	41	135	99928
576600	10	7	17	274	111	44	41	125	99928
577200	10	7	17	274	125	44	41	128	99927
577800	10	7	17	274	119	44	41	129	99926
578400	10	7	17	274	93	44	41	129	99926
579000	10	7	17	274	103	44	41	128	99925
579600	10	7	18	269	104	10	10	128	99924
580200	10	7	18	269	97	10	10	125	99924
580800	10	7	18	269	111	10	10	126	99923
581400	10	7	18	269	111	10	10	126	99922
582000	10	7	18	269	112	10	10	128	99922
582600	10	7	18	269	113	10	10	127	99921
583200	10	7	19	269	113	0	0	129	99920
583800	10	7	19	269	108	0	0	128	99919
584400	10	7	19	269	107	0	0	129	99919
585000	10	7	19	269	118	0	0	127	99918
585600	10	7	19	269	128	0	0	130	99917
586200	10	7	19	269	115	0	0	128	99917
586800	10	7	20	269	111	0	0	126	99916
587400	10	7	20	269	124	0	0	127	99915
588000	10	7	20	269	125	0	0	127	99915
588600	10	7	20	269	112	0	0	123	99914
589200	10	7	20	269	133	0	0	122	99913
589800	10	7	20	269	136	0	0	124	99913
590400	10	7	21	270	122	0	0	126	99912
591000	10	7	21	270	110	0	0	127	99911
591600	10	7	21	270	118	0	0	125	99910
592200	10	7	21	270	130	0	0	129	99910
592800	10	7	21	270	140	0	0	131	99909
593400	10	7	21	270	133	0	0	129	99908
594000	10	7	22	268	125	0	0	132	99908
594600	10	7	22	268	113	0	0	129	99907
595200	10	7	22	268	131	0	0	128	99906
595800	10	7	22	268	112	0	0	126	99906
596400	10	7	22	268	119	0	0	125	99905
597000	10	7	22	268	114	0	0	128	99904
597600	10	7	23	268	112	0	0	124	99903
598200	10	7	23	268	110	0	0	123	99903
598800	10	7	23	268	94	0	0	123	99902
599400	10	7	23	268	100	0	0	126	99901
600000	10	7	23	268	102	0	0	121	99901
600600	10	7	23	268	116	0	0	123	99900
601200	10	7	24	265	108	0	0	125	99908
601800	10	7	24	265	93	0	0	126	99915
602400	10	7	24	265	82	0	0	126	99923
603000	10	7	24	265	98	0	0	127	99931
603600	10	7	24	265	103	0	0	123	99938
604200	10	7	24	265	96	0	0	124	99946
604800	10	8	1	259	95	0	0	126	99953
605400	10	8	1	259	104	0	0	123	99961
606000	10	8	1	259	81	0	0	126	99969
606600	10	8	1	259	78	0	0	125	99976
607200	10	8	1	259	71	0	0	121	99984
607800	10	8	1	259	73	0	0	122	99992
608400	10	8	2	254	68	0	0	122	99999
609000	10	8	2	254	69	0	0	123	100007
609600	10	8	2	254	76	0	0	126	100015
610200	10	8	2	254	70	0	0	118	100022
610800	10	8	2	254	55	0	0	121	100030
611400	10	8	2	254	78	0	0	121	100038
612000	10	8	3	249	64	0	0	114	100045
612600	10	8	3	249	66	0	0	119	100053
613200	10	8	3	249	60	0	0	118	100060
613800	10	8	3	249	53	0	0	119	100068
614400	10	8	3	249	51	0	0	120	100076
615000	10	8	3	249	52	0	0	119	100083
615600	10	8	4	252	50	0	0	120	100091
616200	10	8	4	252	56	0	0	122	100099
616800	10	8	4	252	53	0	0	124	100106
617400	10	8	4	252	78	0	0	125	100114
618000	10	8	4	252	92	0	0	129	100122
618600	10	8	4	252	114	0	0	130	100129
619200	10	8	5	273	102	0	0	132	100137
619800	10	8	5	273	88	0	0	132	100144
620400	10	8	5	273	109	0	0	130	100152
621000	10	8	5	273	108	0	0	127	100160
621600	10	8	5	273	97	0	0	126	100167
622200	10	8	5	273	90	0	0	125	100175
622800	10	8	6	271	100	0	0	133	100183
623400	10	8	6	271	106	0	0	133	100190
624000	10	8	6	271	95	0	0	132	100198
624600	10	8	6	271	89	0	0	133	100206
625200	10	8	6	271	86	0	0	131	100213
625800	10	8	6	271	98	0	0	132	100221
626400	10	8	7	273	107	2	2	134	100228
627000	10	8	7	273	97	2	2	132	100236
627600	10	8	7	273	105	2	2	134	100244
628200	10	8	7	273	102	2	2	132	100251
628800	10	8	7	273	92	2	2	133	100259
629400	10	8	7	273	97	2	2	132	100267
630000	10	8	8	277	88	42	35	131	100274
630600	10	8	8	277	80	42	35	132	100282
631200	10	8	8	277	73	42	35	136	100290
631800	10	8	8	277	66	42	35	135	100297
632400	10	8	8	277	71	42	35	136	100305
633000	10	8	8	277	77	42	35	134	100313
633600	10	8	9	275	84	91	83	136	100320
634200	10	8	9	275	91	91	83	136	100328
634800	10	8	9	275	97	91	83	136	100335
635400	10	8	9	275	87	91	83	136	100343
636000	10	8	9	275	85	91	83	137	100351
636600	10	8	9	275	93	91	83	139	100358
637200	10	8	10	274	76	266	142	145	100366
637800	10	8	10	274	85	266	142	142	100374
638400	10	8	10	274	85	266	142	145	100381
639000	10	8	10	274	91	266	142	147	100389
639600	10	8	10	274	103	266	142	148	100397
640200	10	8	10	274	111	266	142	152	100404
640800	10	8	11	274	121	382	143	159	100412
641400	10	8	11	274	103	382	143	156	100419
642000	10	8	11	274	99	382	143	151	100427
642600	10	8	11	274	98	382	143	154	100435
643200	10	8	11	274	101	382	143	158	100442
643800	10	8	11	274	110	382	143	157	100450
644400	10	8	12	276	121	405	98	159	100458
645000	10	8	12	276	123	405	98	159	100465
645600	10	8	12	276	132	405	98	160	100473
646200	10	8	12	276	115	405	98	161	100481
646800	10	8	12	276	127	405	98	160	100488
647400	10	8	12	276	117	405	98	158	100496
648000	10	8	13	279	119	402	157	160	100503
648600	10	8	13	279	97	402	157	158	100511
649200	10	8	13	279	113	402	157	162	100519
649800	10	8	13	279	110	402	157	162	100526
650400	10	8	13	279	115	402	157	160	100534
651000	10	8	13	279	126	402	157	163	100542
651600	10	8	14	283	108	412	107	166	100549
652200	10	8	14	283	115	412	107	164	100557
652800	10	8	14	283	112	412	107	166	100565
653400	10	8	14	283	105	412	107	164	100572
654000	10	8	14	283	106	412	107	166	100580
654600	10	8	14	283	121	412	107	168	100588
655200	10	8	15	277	124	318	92	169	100595
655800	10	8	15	277	121	318	92	163	100603
656400	10	8	15	277	108	318	92	162	100610
657000	10	8	15	277	97	318	92	159	100618
657600	10	8	15	277	102	318	92	161	100626
658200	10	8	15	277	111	318	92	156	100633
658800	10	8	16	276	106	159	113	156	100641
659400	10	8	16	276	95	159	113	154	100649
660000	10	8	16	276	87	159	113	151	100656
660600	10	8	16	276	92	159	113	151	100664
661200	10	8	16	276	84	159	113	147	100672
661800	10	8	16	276	83	159	113	146	100679
662400	10	8	17	274	82	59	58	146	100687
663000	10	8	17	274	77	59	58	145	100694
663600	10	8	17	274	75	59	58	143	100702
664200	10	8	17	274	71	59	58	139	100710
664800	10	8	17	274	63	59	58	139	100717
665400	10	8	17	274	53	59	58	136	100725
666000	10	8	18	270	52	16	14	136	100733
666600	10	8	18	270	49	16	14	133	100740
667200	10	8	18	270	49	16	14	133	100748
667800	10	8	18	270	56	16	14	128	100756
668400	10	8	18	270	51	16	14	130	100763
669000	10	8	18	270	41	16	14	127	100771
669600	10	8	19	265	49	0	0	128	100778
670200	10	8	19	265	58	0	0	124	100786
670800	10	8	19	265	53	0	0	123	100794
671400	10	8	19	265	45	0	0	124	100801
672000	10	8	19	265	56	0	0	121	100809
672600	10	8	19	265	67	0	0	121	100817
673200	10	8	20	264	57	0	0	122	100824
673800	10	8	20	264	51	0	0	122	100832
674400	10	8	20	264	48	0	0	119	100840
675000	10	8	20	264	45	0	0	117	100847
675600	10	8	20	264	45	0	0	118	100855
676200	10	8	20	264	45	0	0	117	100863
676800	10	8	21	256	42	0	0	116	100870
677400	10	8	21	256	41	0	0	114	100878
678000	10	8	21	256	40	0	0	112	100885
678600	10	8	21	256	44	0	0	112	100893
679200	10	8	21	256	34	0	0	111	100901
679800	10	8	21	256	30	0	0	111	100908
680400	10	8	22	251	38	0	0	107	100916
681000	10	8	22	251	38	0	0	107	100924
681600	10	8	22	251	43	0	0	107	100931
682200	10	8	22	251	34	0	0	107	100939
682800	10	8	22	251	29	0	0	108	100947
683400	10	8	22	251	39	0	0	107	100954
684000	10	8	23	254	41	0	0	105	100962
684600	10	8	23	254	40	0	0	106	100969
685200	10	8	23	254	35	0	0	106	100977
685800	10	8	23	254	23	0	0	106	100985
686400	10	8	23	254	7	0	0	103	100992
687000	10	8	23	254	14	0	0	108	101000
687600	10	8	24	235	9	0	0	107	101006
688200	10	8	24	235	14	0	0	103	101011
688800	10	8	24	235	19	0	0	102	101017
689400	10	8	24	235	19	0	0	99	101022
690000	10	8	24	235	12	0	0	101	101028
690600	10	8	24	235	9	0	0	102	101033
691200	10	9	1	223	10	0	0	101	101039
691800	10	9	1	223	11	0	0	102	101044
692400	10	9	1	223	14	0	0	104	101050
693000	10	9	1	223	16	0	0	107	101056
693600	10	9	1	223	19	0	0	108	101061
694200	10	9	1	223	16	0	0	112	101067
694800	10	9	2	224	19	0	0	114	101072
695400	10	9	2	224	23	0	0	113	101078
696000	10	9	2	224	20	0	0	116	101083
696600	10	9	2	224	16	0	0	118	101089
697200	10	9	2	224	11	0	0	119	101094
697800	10	9	2	224	15	0	0	121	101100
698400	10	9	3	225	16	0	0	122	101106
699000	10	9	3	225	14	0	0	122	101111
699600	10	9	3	225	17	0	0	122	101117
700200	10	9	3	225	19	0	0	124	101122
700800	10	9	3	225	21	0	0	123	101128
701400	10	9	3	225	13	0	0	125	101133
702000	10	9	4	233	16	0	0	125	101139
702600	10	9	4	233	18	0	0	125	101144
703200	10	9	4	233	16	0	0	125	101150
703800	10	9	4	233	14	0	0	124	101156
704400	10	9	4	233	13	0	0	124	101161
705000	10	9	4	233	14	0	0	123	101167
705600	10	9	5	238	19	0	0	125	101172
706200	10	9	5	238	15	0	0	123	101178
706800	10	9	5	238	15	0	0	124	101183
707400	10	9	5	238	23	0	0	125	101189
708000	10	9	5	238	14	0	0	126	101194
708600	10	9	5	238	7	0	0	127	101200
709200	10	9	6	198	17	0	0	127	101206
709800	10	9	6	198	28	0	0	124	101211
710400	10	9	6	198	30	0	0	127	101217
711000	10	9	6	198	28	0	0	128	101222
711600	10	9	6	198	28	0	0	130	101228
712200	10	9	6	198	25	0	0	129	101233
712800	10	9	7	185	24	2	2	128	101239
713400	10	9	7	185	24	2	2	127	101244
714000	10	9	7	185	21	2	2	128	101250
714600	10	9	7	185	24	2	2	128	101256
715200	10	9	7	185	22	2	2	126	101261
715800	10	9	7	185	19	2	2	127	101267
716400	10	9	8	184	22	57	39	126	101272
717000	10	9	8	184	26	57	39	126	101278
717600	10	9	8	184	29	57	39	125	101283
718200	10	9	8	184	32	57	39	128	101289
718800	10	9	8	184	34	57	39	130	101294
719400	10	9	8	184	38	57	39	131	101300
720000	10	9	9	182	42	152	99	132	101306
720600	10	9	9	182	39	152	99	133	101311
721200	10	9	9	182	36	152	99	133	101317
721800	10	9	9	182	38	152	99	139	101322
722400	10	9	9	182	41	152	99	139	101328
723000	10	9	9	182	39	152	99	139	101333
723600	10	9	10	185	34	246	141	143	101339
724200	10	9	10	185	40	246	141	146	101344
724800	10	9	10	185	33	246	141	148	101350
725400	10	9	10	185	41	246	141	149	101356
726000	10	9	10	185	37	246	141	153	101361
726600	10	9	10	185	39	246	141	155	101367
727200	10	9	11	181	43	357	143	160	101372
727800	10	9	11	181	41	357	143	156	101378
728400	10	9	11	181	32	357	143	158	101383
729000	10	9	11	181	36	357	143	162	101389
729600	10	9	11	181	37	357	143	162	101394
730200	10	9	11	181	37	357	143	169	101400
730800	10	9	12	178	43	405	154	169	101406
731400	10	9	12	178	47	405	154	166	101411
732000	10	9	12	178	50	405	154	169	101417
732600	10	9	12	178	48	405	154	167	101422
733200	10	9	12	178	43	405	154	167	101428
733800	10	9	12	178	50	405	154	170	101433
734400	10	9	13	166	54	307	218	172	101439
735000	10	9	13	166	49	307	218	167	101444
735600	10	9	13	166	58	307	218	163	101450
736200	10	9	13	166	50	307	218	162	101456
736800	10	9	13	166	53	307	218	165	101461
737400	10	9	13	166	55	307	218	170	101467
738000	10	9	14	170	42	246	215	166	101472
738600	10	9	14	170	57	246	215	167	101478
739200	10	9	14	170	51	246	215	167	101483
739800	10	9	14	170	55	246	215	167	101489
740400	10	9	14	170	48	246	215	159	101494
741000	10	9	14	170	42	246	215	161	101500
741600	10	9	15	165	42	155	148	158	101506
742200	10	9	15	165	48	155	148	158	101511
742800	10	9	15	165	45	155	148	157	101517
743400	10	9	15	165	45	155	148	157	101522
744000	10	9	15	165	44	155	148	155	101528
744600	10	9	15	165	46	155	148	156	101533
745200	10	9	16	174	32	116	107	156	101539
745800	10	9	16	174	23	116	107	156	101544
746400	10	9	16	174	27	116	107	155	101550
747000	10	9	16	174	25	116	107	157	101556
747600	10	9	16	174	25	116	107	157	101561
748200	10	9	16	174	34	116	107	156	101567
748800	10	9	17	178	31	75	64	152	101572
749400	10	9	17	178	28	75	64	153	101578
750000	10	9	17	178	29	75	64	153	101583
750600	10	9	17	178	32	75	64	153	101589
751200	10	9	17	178	32	75	64	153	101594
751800	10	9	17	178	33	75	64	154	101600
752400	10	9	18	169	28	19	16	150	101606
753000	10	9	18	169	22	19	16	148	101611
753600	10	9	18	169	20	19	16	142	101617
754200	10	9	18	169	18	19	16	139	101622
754800	10	9	18	169	19	19	16	136	101628
755400	10	9	18	169	21	19	16	135	101633
756000	10	9	19	177	19	0	0	132	101639
756600	10	9	19	177	17	0	0	131	101644
757200	10	9	19	177	21	0	0	132	101650
757800	10	9	19	177	23	0	0	133	101656
758400	10	9	19	177	25	0	0	133	101661
759000	10	9	19	177	26	0	0	135	101667
759600	10	9	20	195	19	0	0	135	101672
760200	10	9	20	195	19	0	0	134	101678
760800	10	9	20	195	18	0	0	134	101683
761400	10	9	20	195	21	0	0	132	101689
762000	10	9	20	195	19	0	0	133	101694
762600	10	9	20	195	17	0	0	132	101700
763200	10	9	21	182	16	0	0	131	101706
763800	10	9	21	182	20	0	0	132	101711
764400	10	9	21	182	19	0	0	130	101717
765000	10	9	21	182	21	0	0	132	101722
765600	10	9	21	182	22	0	0	130	101728
766200	10	9	21	182	24	0	0	133	101733
766800	10	9	22	174	26	0	0	128	101739
767400	10	9	22	174	26	0	0	130	101744
768000	10	9	22	174	18	0	0	128	101750
768600	10	9	22	174	19	0	0	129	101756
769200	10	9	22	174	16	0	0	130	101761
769800	10	9	22	174	15	0	0	129	101767
770400	10	9	23	206	17	0	0	129	101772
771000	10	9	23	206	20	0	0	131	101778
771600	10	9	23	206	21	0	0	132	101783
772200	10	9	23	206	23	0	0	132	101789
772800	10	9	23	206	20	0	0	133	101794
773400	10	9	23	206	23	0	0	134	101800
774000	10	9	24	214	22	0	0	133	101802
774600	10	9	24	214	25	0	0	132	101804
775200	10	9	24	214	24	0	0	131	101806
775800	10	9	24	214	23	0	0	133	101808
776400	10	9	24	214	26	0	0	130	101810
777000	10	9	24	214	25	0	0	131	101813
777600	10	10	1	225	22	0	0	134	101815
778200	10	10	1	225	25	0	0	133	101817
778800	10	10	1	225	19	0	0	124	101819
779400	10	10	1	225	25	0	0	122	101821
780000	10	10	1	225	24	0	0	125	101823
780600	10	10	1	225	23	0	0	125	101825
781200	10	10	2	233	25	0	0	125	101827
781800	10	10	2	233	30	0	0	125	101829
782400	10	10	2	233	34	0	0	126	101831
783000	10	10	2	233	36	0	0	128	101833
783600	10	10	2	233	33	0	0	127	101835
784200	10	10	2	233	35	0	0	129	101838
784800	10	10	3	242	37	0	0	129	101840
785400	10	10	3	242	41	0	0	132	101842
786000	10	10	3	242	37	0	0	130	101844
786600	10	10	3	242	37	0	0	131	101846
787200	10	10	3	242	35	0	0	130	101848
787800	10	10	3	242	32	0	0	131	101850
788400	10	10	4	247	33	0	0	128	101852
789000	10	10	4	247	29	0	0	129	101854
789600	10	10	4	247	29	0	0	128	101856
790200	10	10	4	247	29	0	0	127	101858
790800	10	10	4	247	30	0	0	125	101860
791400	10	10	4	247	27	0	0	126	101863
792000	10	10	5	257	29	0	0	127	101865
792600	10	10	5	257	26	0	0	128	101867
793200	10	10	5	257	27	0	0	128	101869
793800	10	10	5	257	27	0	0	126	101871
794400	10	10	5	257	30	0	0	126	101873
795000	10	10	5	257	27	0	0	126	101875
795600	10	10	6	260	32	0	0	123	101877
796200	10	10	6	260	32	0	0	124	101879
796800	10	10	6	260	35	0	0	123	101881
797400	10	10	6	260	26	0	0	122	101883
798000	10	10	6	260	25	0	0	121	101885
798600	10	10	6	260	25	0	0	119	101888
799200	10	10	7	248	20	3	3	118	101890
799800	10	10	7	248	22	3	3	117	101892
800400	10	10	7	248	24	3	3	115	101894
801000	10	10	7	248	21	3	3	114	101896
801600	10	10	7	248	19	3	3	111	101898
802200	10	10	7	248	19	3	3	110	101900
802800	10	10	8	247	22	70	37	109	101902
803400	10	10	8	247	26	70	37	112	101904
804000	10	10	8	247	27	70	37	112	101906
804600	10	10	8	247	19	70	37	114	101908
805200	10	10	8	247	14	70	37	117	101910
805800	10	10	8	247	17	70	37	120	101913
806400	10	10	9	250	21	199	59	115	101915
807000	10	10	9	250	22	199	59	118	101917
807600	10	10	9	250	21	199	59	122	101919
808200	10	10	9	250	21	199	59	124	101921
808800	10	10	9	250	27	199	59	128	101923
809400	10	10	9	250	37	199	59	131	101925
810000	10	10	10	275	50	299	61	135	101927
810600	10	10	10	275	39	299	61	138	101929
811200	10	10	10	275	41	299	61	141	101931
811800	10	10	10	275	42	299	61	145	101933
812400	10	10	10	275	44	299	61	144	101935
813000	10	10	10	275	46	299	61	146	101938
813600	10	10	11	273	40	354	85	148	101940
814200	10	10	11	273	42	354	85	147	101942
814800	10	10	11	273	40	354	85	150	101944
815400	10	10	11	273	37	354	85	150	101946
816000	10	10	11	273	39	354	85	151	101948
816600	10	10	11	273	40	354	85	152	101950
817200	10	10	12	285	45	452	140	158	101952
817800	10	10	12	285	42	452	140	160	101954
818400	10	10	12	285	38	452	140	161	101956
819000	10	10	12	285	44	452	140	160	101958
819600	10	10	12	285	39	452	140	163	101960
820200	10	10	12	285	42	452	140	161	101963
820800	10	10	13	290	44	431	116	167	101965
821400	10	10	13	290	45	431	116	168	101967
822000	10	10	13	290	48	431	116	167	101969
822600	10	10	13	290	47	431	116	161	101971
823200	10	10	13	290	45	431	116	160	101973
823800	10	10	13	290	42	431	116	164	101975
824400	10	10	14	296	44	379	74	163	101977
825000	10	10	14	296	49	379	74	164	101979
825600	10	10	14	296	56	379	74	166	101981
826200	10	10	14	296	49	379	74	164	101983
826800	10	10	14	296	42	379	74	164	101985
827400	10	10	14	296	42	379	74	166	101988
828000	10	10	15	313	49	258	77	166	101990
828600	10	10	15	313	38	258	77	165	101992
829200	10	10	15	313	43	258	77	164	101994
829800	10	10	15	313	37	258	77	162	101996
830400	10	10	15	313	1	258	77	158	101998
831000	10	10	15	313	26	258	77	158	102000
831600	10	10	16	296	20	197	68	157	102002
832200	10	10	16	296	21	197	68	158	102004
832800	10	10	16	296	21	197	68	158	102006
833400	10	10	16	296	14	197	68	156	102008
834000	10	10	16	296	15	197	68	157	102010
834600	10	10	16	296	19	197	68	155	102013
835200	10	10	17	257	11	77	49	156	102015
835800	10	10	17	257	9	77	49	152	102017
836400	10	10	17	257	5	77	49	153	102019
837000	10	10	17	257	3	77	49	151	102021
837600	10	10	17	257	6	77	49	149	102023
838200	10	10	17	257	8	77	49	142	102025
838800	10	10	18	258	12	11	10	135	102027
839400	10	10	18	258	11	11	10	134	102029
840000	10	10	18	258	9	11	10	130	102031
840600	10	10	18	258	4	11	10	126	102033
841200	10	10	18	258	4	11	10	126	102035
841800	10	10	18	258	6	11	10	125	102038
842400	10	10	19	109	10	0	0	120	102040
843000	10	10	19	109	8	0	0	119	102042
843600	10	10	19	109	5	0	0	117	102044
844200	10	10	19	109	6	0	0	121	102046
844800	10	10	19	109	4	0	0	123	102048
845400	10	10	19	109	4	0	0	121	102050
846000	10	10	20	53	6	0	0	120	102052
846600	10	10	20	53	6	0	0	117	102054
847200	10	10	20	53	5	0	0	115	102056
847800	10	10	20	53	7	0	0	113	102058
848400	10	10	20	53	5	0	0	118	102060
849000	10	10	20	53	5	0	0	114	102063
849600	10	10	21	63	7	0	0	115	102065
850200	10	10	21	63	5	0	0	109	102067
850800	10	10	21	63	7	0	0	108	102069
851400	10	10	21	63	8	0	0	107	102071
852000	10	10	21	63	7	0	0	103	102073
852600	10	10	21	63	6	0	0	103	102075
853200	10	10	22	200	8	0	0	103	102077
853800	10	10	22	200	9	0	0	105	102079
854400	10	10	22	200	7	0	0	107	102081
855000	10	10	22	200	15	0	0	102	102083
855600	10	10	22	200	12	0	0	91	102085
856200	10	10	22	200	7	0	0	91	102088
856800	10	10	23	182	7	0	0	102	102090
857400	10	10	23	182	7	0	0	100	102092
858000	10	10	23	182	8	0	0	95	102094
858600	10	10	23	182	10	0	0	93	102096
859200	10	10	23	182	5	0	0	93	102098
859800	10	10	23	182	4	0	0	96	102100
860400	10	10	24	66	7	0	0	93	102101
861000	10	10	24	66	2	0	0	93	102103
861600	10	10	24	66	3	0	0	90	102104
862200	10	10	24	66	4	0	0	88	102106
862800	10	10	24	66	3	0	0	90	102107
863400	10	10	24	66	1	0	0	88	102108
864000	10	11	1	49	3	0	0	82	102110
864600	10	11	1	49	6	0	0	86	102111
865200	10	11	1	49	6	0	0	84	102113
865800	10	11	1	49	3	0	0	87	102114
866400	10	11	1	49	7	0	0	85	102115
867000	10	11	1	49	7	0	0	93	102117
867600	10	11	2	69	7	0	0	93	102118
868200	10	11	2	69	7	0	0	92	102119
868800	10	11	2	69	6	0	0	91	102121
869400	10	11	2	69	6	0	0	91	102122
870000	10	11	2	69	4	0	0	91	102124
870600	10	11	2	69	6	0	0	93	102125
871200	10	11	3	59	4	0	0	93	102126
871800	10	11	3	59	6	0	0	94	102128
872400	10	11	3	59	8	0	0	93	102129
873000	10	11	3	59	4	0	0	94	102131
873600	10	11	3	59	5	0	0	91	102132
874200	10	11	3	59	6	0	0	86	102133
874800	10	11	4	67	8	0	0	86	102135
875400	10	11	4	67	7	0	0	80	102136
876000	10	11	4	67	9	0	0	76	102138
876600	10	11	4	67	10	0	0	81	102139
877200	10	11	4	67	11	0	0	80	102140
877800	10	11	4	67	7	0	0	75	102142
878400	10	11	5	44	9	0	0	82	102143
879000	10	11	5	44	7	0	0	85	102144
879600	10	11	5	44	8	0	0	84	102146
880200	10	11	5	44	7	0	0	87	102147
880800	10	11	5	44	7	0	0	87	102149
881400	10	11	5	44	8	0	0	85	102150
882000	10	11	6	45	7	0	0	87	102151
882600	10	11	6	45	4	0	0	84	102153
883200	10	11	6	45	7	0	0	83	102154
883800	10	11	6	45	8	0	0	81	102156
884400	10	11	6	45	5	0	0	82	102157
885000	10	11	6	45	6	0	0	86	102158
885600	10	11	7	61	6	1	2	88	102160
886200	10	11	7	61	5	1	2	90	102161
886800	10	11	7	61	6	1	2	90	102163
887400	10	11	7	61	4	1	2	92	102164
888000	10	11	7	61	2	1	2	92	102165
888600	10	11	7	61	3	1	2	94	102167
889200	10	11	8	68	3	32	28	94	102168
889800	10	11	8	68	5	32	28	96	102169
890400	10	11	8	68	5	32	28	97	102171
891000	10	11	8	68	8	32	28	99	102172
891600	10	11	8	68	5	32	28	101	102174
892200	10	11	8	68	5	32	28	106	102175
892800	10	11	9	66	9	173	89	108	102176
893400	10	11	9	66	9	173	89	108	102178
894000	10	11	9	66	9	173	89	111	102179
894600	10	11	9	66	9	173	89	113	102181
895200	10	11	9	66	22	173	89	118	102182
895800	10	11	9	66	18	173	89	122	102183
896400	10	11	10	101	28	169	111	124	102185
897000	10	11	10	101	57	169	111	127	102186
897600	10	11	10	101	53	169	111	129	102188
898200	10	11	10	101	43	169	111	133	102189
898800	10	11	10	101	53	169	111	133	102190
899400	10	11	10	101	49	169	111	135	102192
900000	10	11	11	103	46	96	93	133	102193
900600	10	11	11	103	53	96	93	134	102194
901200	10	11	11	103	54	96	93	136	102196
901800	10	11	11	103	51	96	93	136	102197
902400	10	11	11	103	46	96	93	134	102199
903000	10	11	11	103	51	96	93	135	102200
903600	10	11	12	101	50	111	106	137	102201
904200	10	11	12	101	45	111	106	137	102203
904800	10	11	12	101	46	111	106	137	102204
905400	10	11	12	101	52	111	106	138	102206
906000	10	11	12	101	50	111	106	136	102207
906600	10	11	12	101	52	111	106	136	102208
907200	10	11	13	101	50	94	91	137	102210
907800	10	11	13	101	50	94	91	136	102211
908400	10	11	13	101	47	94	91	135	102213
909000	10	11	13	101	52	94	91	136	102214
909600	10	11	13	101	60	94	91	134	102215
910200	10	11	13	101	46	94	91	134	102217
910800	10	11	14	96	44	64	63	134	102218
911400	10	11	14	96	39	64	63	133	102219
912000	10	11	14	96	45	64	63	132	102221
912600	10	11	14	96	46	64	63	134	102222
913200	10	11	14	96	43	64	63	134	102224
913800	10	11	14	96	39	64	63	133	102225
914400	10	11	15	90	37	55	55	134	102226
915000	10	11	15	90	41	55	55	134	102228
915600	10	11	15	90	40	55	55	135	102229
916200	10	11	15	90	34	55	55	135	102231
916800	10	11	15	90	31	55	55	134	102232
917400	10	11	15	90	34	55	55	135	102233
918000	10	11	16	92	35	34	34	135	102235
918600	10	11	16	92	38	34	34	135	102236
919200	10	11	16	92	30	34	34	133	102238
919800	10	11	16	92	33	34	34	133	102239
920400	10	11	16	92	31	34	34	133	102240
921000	10	11	16	92	37	34	34	132	102242
921600	10	11	17	102	37	11	12	132	102243
922200	10	11	17	102	37	11	12	130	102244
922800	10	11	17	102	38	11	12	129	102246
923400	10	11	17	102	33	11	12	130	102247
924000	10	11	17	102	27	11	12	126	102249
924600	10	11	17	102	27	11	12	126	102250
925200	10	11	18	93	28	5	5	128	102251
925800	10	11	18	93	28	5	5	127	102253
926400	10	11	18	93	27	5	5	127	102254
927000	10	11	18	93	22	5	5	127	102256
927600	10	11	18	93	19	5	5	125	102257
928200	10	11	18	93	19	5	5	126	102258
928800	10	11	19	81	15	0	0	127	102260
929400	10	11	19	81	17	0	0	122	102261
930000	10	11	19	81	17	0	0	118	102263
930600	10	11	19	81	10	0	0	117	102264
931200	10	11	19	81	10	0	0	114	102265
931800	10	11	19	81	10	0	0	112	102267
932400	10	11	20	77	10	0	0	112	102268
933000	10	11	20	77	8	0	0	112	102269
933600	10	11	20	77	12	0	0	110	102271
934200	10	11	20	77	17	0	0	110	102272
934800	10	11	20	77	22	0	0	115	102274
935400	10	11	20	77	22	0	0	120	102275
936000	10	11	21	81	17	0	0	121	102276
936600	10	11	21	81	22	0	0	122	102278
937200	10	11	21	81	24	0	0	123	102279
937800	10	11	21	81	22	0	0	127	102281
938400	10	11	21	81	32	0	0	126	102282
939000	10	11	21	81	33	0	0	128	102283
939600	10	11	22	84	26	0	0	130	102285
940200	10	11	22	84	32	0	0	130	102286
940800	10	11	22	84	28	0	0	129	102288
941400	10	11	22	84	28	0	0	128	102289
942000	10	11	22	84	27	0	0	125	102290
942600	10	11	22	84	27	0	0	125	102292
943200	10	11	23	97	27	0	0	127	102293
943800	10	11	23	97	30	0	0	130	102294
944400	10	11	23	97	53	0	0	132	102296
945000	10	11	23	97	51	0	0	137	102297
945600	10	11	23	97	56	0	0	136	102299
946200	10	11	23	97	65	0	0	138	102300
946800	10	11	24	104	60	0	0	138	102301
947400	10	11	24	104	57	0	0	138	102303
948000	10	11	24	104	72	0	0	137	102304
948600	10	11	24	104	74	0	0	137	102306
949200	10	11	24	104	58	0	0	136	102307
949800	10	11	24	104	69	0	0	133	102308
950400	10	12	1	103	64	0	0	131	102310
951000	10	12	1	103	54	0	0	131	102311
951600	10	12	1	103	57	0	0	132	102313
952200	10	12	1	103	59	0	0	132	102314
952800	10	12	1	103	64	0	0	131	102315
953400	10	12	1	103	63	0	0	132	102317
954000	10	12	2	105	60	0	0	131	102318
954600	10	12	2	105	60	0	0	132	102319
955200	10	12	2	105	53	0	0	132	102321
955800	10	12	2	105	63	0	0	131	102322
956400	10	12	2	105	61	0	0	133	102324
957000	10	12	2	105	64	0	0	132	102325
957600	10	12	3	99	66	0	0	133	102326
958200	10	12	3	99	61	0	0	134	102328
958800	10	12	3	99	57	0	0	132	102329
959400	10	12	3	99	56	0	0	132	102331
960000	10	12	3	99	53	0	0	132	102332
960600	10	12	3	99	60	0	0	130	102333
961200	10	12	4	95	63	0	0	132	102335
961800	10	12	4	95	60	0	0	130	102336
962400	10	12	4	95	62	0	0	128	102338
963000	10	12	4	95	61	0	0	128	102339
963600	10	12	4	95	66	0	0	128	102340
964200	10	12	4	95	63	0	0	126	102342
964800	10	12	5	95	64	0	0	126	102343
965400	10	12	5	95	61	0	0	127	102344
966000	10	12	5	95	61	0	0	125	102346
966600	10	12	5	95	58	0	0	126	102347
967200	10	12	5	95	64	0	0	125	102349
967800	10	12	5	95	59	0	0	125	102350
968400	10	12	6	96	57	0	0	123	102351
969000	10	12	6	96	57	0	0	123	102353
969600	10	12	6	96	49	0	0	121	102354
970200	10	12	6	96	55	0	0	121	102356
970800	10	12	6	96	59	0	0	120	102357
971400	10	12	6	96	52	0	0	123	102358
972000	10	12	7	95	58	0	0	122	102360
972600	10	12	7	95	63	0	0	122	102361
973200	10	12	7	95	58	0	0	124	102363
973800	10	12	7	95	60	0	0	123	102364
974400	10	12	7	95	61	0	0	122	102365
975000	10	12	7	95	56	0	0	123	102367
975600	10	12	8	96	59	6	6	122	102368
976200	10	12	8	96	60	6	6	123	102369
976800	10	12	8	96	55	6	6	122	102371
977400	10	12	8	96	52	6	6	122	102372
978000	10	12	8	96	52	6	6	123	102374
978600	10	12	8	96	52	6	6	123	102375
979200	10	12	9	95	53	21	22	124	102376
979800	10	12	9	95	53	21	22	123	102378
980400	10	12	9	95	52	21	22	124	102379
981000	10	12	9	95	51	21	22	125	102381
981600	10	12	9	95	52	21	22	124	102382
982200	10	12	9	95	48	21	22	123	102383
982800	10	12	10	100	54	38	37	126	102385
983400	10	12	10	100	58	38	37	127	102386
984000	10	12	10	100	61	38	37	127	102388
984600	10	12	10	100	55	38	37	127	102389
985200	10	12	10	100	59	38	37	128	102390
985800	10	12	10	100	60	38	37	128	102392
986400	10	12	11	102	57	76	75	129	102393
987000	10	12	11	102	56	76	75	130	102394
987600	10	12	11	102	59	76	75	131	102396
988200	10	12	11	102	58	76	75	131	102397
988800	10	12	11	102	58	76	75	131	102399
989400	10	12	11	102	54	76	75	131	102400
990000	10	12	12	98	54	77	76	132	102401
990600	10	12	12	98	59	77	76	131	102403
991200	10	12	12	98	53	77	76	131	102404
991800	10	12	12	98	48	77	76	132	102406
992400	10	12	12	98	49	77	76	132	102407
993000	10	12	12	98	47	77	76	133	102408
993600	10	12	13	95	53	62	62	133	102410
994200	10	12	13	95	52	62	62	134	102411
994800	10	12	13	95	47	62	62	133	102413
995400	10	12	13	95	41	62	62	133	102414
996000	10	12	13	95	44	62	62	133	102415
996600	10	12	13	95	40	62	62	132	102417
997200	10	12	14	90	39	42	42	132	102418
997800	10	12	14	90	36	42	42	131	102419
998400	10	12	14	90	36	42	42	131	102421
999000	10	12	14	90	36	42	42	131	102422
999600	10	12	14	90	42	42	42	130	102424
1000200	10	12	14	90	41	42	42	131	102425
1000800	10	12	15	91	41	50	50	131	102426
1001400	10	12	15	91	37	50	50	131	102428
1002000	10	12	15	91	32	50	50	131	102429
1002600	10	12	15	91	34	50	50	131	102431
1003200	10	12	15	91	40	50	50	133	102432
1003800	10	12	15	91	38	50	50	132	102433
1004400	10	12	16	87	32	31	31	132	102435
1005000	10	12	16	87	33	31	31	133	102436
1005600	10	12	16	87	29	31	31	133	102438
1006200	10	12	16	87	29	31	31	133	102439
1006800	10	12	16	87	25	31	31	134	102440
1007400	10	12	16	87	23	31	31	132	102442
1008000	10	12	17	82	21	16	16	132	102443
1008600	10	12	17	82	23	16	16	134	102444
1009200	10	12	17	82	22	16	16	133	102446
1009800	10	12	17	82	22	16	16	133	102447
1010400	10	12	17	82	22	16	16	133	102449
1011000	10	12	17	82	23	16	16	133	102450
1011600	10	12	18	82	23	2	2	132	102451
1012200	10	12	18	82	25	2	2	132	102453
1012800	10	12	18	82	25	2	2	134	102454
1013400	10	12	18	82	25	2	2	133	102456
1014000	10	12	18	82	22	2	2	133	102457
1014600	10	12	18	82	24	2	2	132	102458
1015200	10	12	19	89	23	0	0	133	102460
1015800	10	12	19	89	24	0	0	134	102461
1016400	10	12	19	89	32	0	0	134	102463
1017000	10	12	19	89	25	0	0	134	102464
1017600	10	12	19	89	25	0	0	134	102465
1018200	10	12	19	89	25	0	0	134	102467
1018800	10	12	20	80	25	0	0	134	102468
1019400	10	12	20	80	14	0	0	135	102469
1020000	10	12	20	80	18	0	0	134	102471
1020600	10	12	20	80	21	0	0	132	102472
1021200	10	12	20	80	19	0	0	132	102474
1021800	10	12	20	80	21	0	0	132	102475
1022400	10	12	21	70	19	0	0	131	102476
1023000	10	12	21	70	17	0	0	131	102478
1023600	10	12	21	70	14	0	0	132	102479
1024200	10	12	21	70	14	0	0	130	102481
1024800	10	12	21	70	12	0	0	130	102482
1025400	10	12	21	70	15	0	0	130	102483
1026000	10	12	22	73	15	0	0	129	102485
1026600	10	12	22	73	15	0	0	129	102486
1027200	10	12	22	73	15	0	0	129	102488
1027800	10	12	22	73	17	0	0	129	102489
1028400	10	12	22	73	19	0	0	130	102490
1029000	10	12	22	73	19	0	0	130	102492
1029600	10	12	23	78	20	0	0	130	102493
1030200	10	12	23	78	15	0	0	131	102494
1030800	10	12	23	78	18	0	0	131	102496
1031400	10	12	23	78	15	0	0	131	102497
1032000	10	12	23	78	17	0	0	130	102499
1032600	10	12	23	78	16	0	0	130	102500
1033200	10	12	24	80	16	0	0	133	102506
1033800	10	12	24	80	16	0	0	133	102513
1034400	10	12	24	80	19	0	0	133	102519
1035000	10	12	24	80	15	0	0	132	102525
1035600	10	12	24	80	19	0	0	131	102531
1036200	10	12	24	80	13	0	0	132	102538
1036800	10	13	1	96	17	0	0	132	102544
1037400	10	13	1	96	22	0	0	131	102550
1038000	10	13	1	96	24	0	0	133	102556
1038600	10	13	1	96	21	0	0	133	102563
1039200	10	13	1	96	21	0	0	133	102569
1039800	10	13	1	96	19	0	0	130	102575
1040400	10	13	2	77	13	0	0	128	102581
1041000	10	13	2	77	14	0	0	126	102588
1041600	10	13	2	77	12	0	0	128	102594
1042200	10	13	2	77	13	0	0	130	102600
1042800	10	13	2	77	12	0	0	129	102606
1043400	10	13	2	77	10	0	0	130	102613
1044000	10	13	3	64	9	0	0	130	102619
1044600	10	13	3	64	11	0	0	129	102625
1045200	10	13	3	64	9	0	0	130	102631
1045800	10	13	3	64	11	0	0	131	102638
1046400	10	13	3	64	13	0	0	131	102644
1047000	10	13	3	64	11	0	0	130	102650
1047600	10	13	4	72	13	0	0	130	102656
1048200	10	13	4	72	16	0	0	128	102663
1048800	10	13	4	72	18	0	0	128	102669
1049400	10	13	4	72	15	0	0	128	102675
1050000	10	13	4	72	13	0	0	125	102681
1050600	10	13	4	72	15	0	0	127	102688
1051200	10	13	5	85	13	0	0	127	102694
1051800	10	13	5	85	16	0	0	127	102700
1052400	10	13	5	85	13	0	0	128	102706
1053000	10	13	5	85	11	0	0	125	102713
1053600	10	13	5	85	12	0	0	123	102719
1054200	10	13	5	85	13	0	0	122	102725
1054800	10	13	6	89	13	0	0	122	102731
1055400	10	13	6	89	12	0	0	125	102738
1056000	10	13	6	89	13	0	0	125	102744
1056600	10	13	6	89	16	0	0	125	102750
1057200	10	13	6	89	18	0	0	125	102756
1057800	10	13	6	89	15	0	0	126	102763
1058400	10	13	7	100	17	1	1	127	102769
1059000	10	13	7	100	17	1	1	125	102775
1059600	10	13	7	100	23	1	1	125	102781
1060200	10	13	7	100	26	1	1	124	102788
1060800	10	13	7	100	22	1	1	126	102794
1061400	10	13	7	100	26	1	1	125	102800
1062000	10	13	8	100	26	22	20	124	102806
1062600	10	13	8	100	30	22	20	119	102813
1063200	10	13	8	100	28	22	20	120	102819
1063800	10	13	8	100	30	22	20	122	102825
1064400	10	13	8	100	31	22	20	123	102831
1065000	10	13	8	100	27	22	20	125	102838
1065600	10	13	9	91	27	83	67	127	102844
1066200	10	13	9	91	28	83	67	129	102850
1066800	10	13	9	91	25	83	67	131	102856
1067400	10	13	9	91	23	83	67	132	102863
1068000	10	13	9	91	24	83	67	134	102869
1068600	10	13	9	91	27	83	67	136	102875
1069200	10	13	10	89	23	156	123	138	102881
1069800	10	13	10	89	23	156	123	140	102888
1070400	10	13	10	89	26	156	123	142	102894
1071000	10	13	10	89	24	156	123	137	102900
1071600	10	13	10	89	29	156	123	139	102906
1072200	10	13	10	89	30	156	123	140	102913
1072800	10	13	11	101	37	292	131	140	102919
1073400	10	13	11	101	39	292	131	143	102925
1074000	10	13	11	101	42	292	131	149	102931
1074600	10	13	11	101	35	292	131	145	102938
1075200	10	13	11	101	39	292	131	149	102944
1075800	10	13	11	101	43	292	131	148	102950
1076400	10	13	12	97	39	308	110	146	102956
1077000	10	13	12	97	37	308	110	147	102963
1077600	10	13	12	97	31	308	110	149	102969
1078200	10	13	12	97	36	308	110	150	102975
1078800	10	13	12	97	31	308	110	149	102981
1079400	10	13	12	97	36	308	110	146	102988
1080000	10	13	13	98	35	355	79	146	102994
1080600	10	13	13	98	35	355	79	146	103000
1081200	10	13	13	98	33	355	79	149	103006
1081800	10	13	13	98	38	355	79	146	103013
1082400	10	13	13	98	38	355	79	147	103019
1083000	10	13	13	98	43	355	79	147	103025
1083600	10	13	14	107	48	359	63	148	103031
1084200	10	13	14	107	43	359	63	146	103038
1084800	10	13	14	107	40	359	63	147	103044
1085400	10	13	14	107	37	359	63	147	103050
1086000	10	13	14	107	46	359	63	147	103056
1086600	10	13	14	107	39	359	63	145	103063
1087200	10	13	15	100	36	279	64	145	103069
1087800	10	13	15	100	30	279	64	145	103075
1088400	10	13	15	100	34	279	64	145	103081
1089000	10	13	15	100	39	279	64	143	103088
1089600	10	13	15	100	35	279	64	141	103094
1090200	10	13	15	100	34	279	64	141	103100
1090800	10	13	16	92	34	178	65	140	103106
1091400	10	13	16	92	25	178	65	140	103113
1092000	10	13	16	92	24	178	65	140	103119
1092600	10	13	16	92	24	178	65	139	103125
1093200	10	13	16	92	27	178	65	138	103131
1093800	10	13	16	92	26	178	65	136	103138
1094400	10	13	17	92	25	68	44	134	103144
1095000	10	13	17	92	23	68	44	133	103150
1095600	10	13	17	92	22	68	44	130	103156
1096200	10	13	17	92	19	68	44	127	103163
1096800	10	13	17	92	16	68	44	125	103169
1097400	10	13	17	92	12	68	44	122	103175
1098000	10	13	18	92	5	7	7	118	103181
1098600	10	13	18	92	4	7	7	112	103188
1099200	10	13	18	92	3	7	7	107	103194
1099800	10	13	18	92	2	7	7	107	103200
1100400	10	13	18	92	2	7	7	103	103206
1101000	10	13	18	92	2	7	7	101	103213
1101600	10	13	19	67	6	0	0	99	103219
1102200	10	13	19	67	6	0	0	101	103225
1102800	10	13	19	67	6	0	0	98	103231
1103400	10	13	19	67	5	0	0	98	103238
1104000	10	13	19	67	4	0	0	97	103244
1104600	10	13	19	67	2	0	0	95	103250
1105200	10	13	20	127	3	0	0	93	103256
1105800	10	13	20	127	6	0	0	89	103263
1106400	10	13	20	127	7	0	0	87	103269
1107000	10	13	20	127	9	0	0	88	103275
1107600	10	13	20	127	8	0	0	93	103281
1108200	10	13	20	127	6	0	0	90	103288
1108800	10	13	21	116	6	0	0	90	103294
1109400	10	13	21	116	5	0	0	91	103300
1110000	10	13	21	116	7	0	0	88	103306
1110600	10	13	21	116	7	0	0	89	103313
1111200	10	13	21	116	9	0	0	88	103319
1111800	10	13	21	116	8	0	0	83	103325
1112400	10	13	22	76	9	0	0	85	103331
1113000	10	13	22	76	7	0	0	85	103338
1113600	10	13	22	76	5	0	0	80	103344
1114200	10	13	22	76	5	0	0	82	103350
1114800	10	13	22	76	6	0	0	79	103356
1115400	10	13	22	76	6	0	0	79	103363
1116000	10	13	23	153	7	0	0	78	103369
1116600	10	13	23	153	8	0	0	78	103375
1117200	10	13	23	153	8	0	0	78	103381
1117800	10	13	23	153	8	0	0	75	103388
1118400	10	13	23	153	5	0	0	76	103394
1119000	10	13	23	153	5	0	0	77	103400
1119600	10	13	24	101	6	0	0	77	103401
1120200	10	13	24	101	5	0	0	74	103403
1120800	10	13	24	101	5	0	0	73	103404
1121400	10	13	24	101	6	0	0	72	103406
1122000	10	13	24	101	6	0	0	73	103407
1122600	10	13	24	101	8	0	0	74	103408
1123200	10	14	1	139	7	0	0	75	103410
1123800	10	14	1	139	6	0	0	75	103411
1124400	10	14	1	139	10	0	0	74	103413
1125000	10	14	1	139	10	0	0	72	103414
1125600	10	14	1	139	8	0	0	70	103415
1126200	10	14	1	139	8	0	0	73	103417
1126800	10	14	2	211	8	0	0	72	103418
1127400	10	14	2	211	8	0	0	70	103419
1128000	10	14	2	211	6	0	0	76	103421
1128600	10	14	2	211	2	0	0	78	103422
1129200	10	14	2	211	5	0	0	72	103424
1129800	10	14	2	211	3	0	0	67	103425
1130400	10	14	3	183	5	0	0	73	103426
1131000	10	14	3	183	6	0	0	68	103428
1131600	10	14	3	183	11	0	0	67	103429
1132200	10	14	3	183	10	0	0	62	103431
1132800	10	14	3	183	13	0	0	61	103432
1133400	10	14	3	183	15	0	0	62	103433
1134000	10	14	4	243	8	0	0	61	103435
1134600	10	14	4	243	6	0	0	59	103436
1135200	10	14	4	243	8	0	0	61	103438
1135800	10	14	4	243	13	0	0	64	103439
1136400	10	14	4	243	12	0	0	62	103440
1137000	10	14	4	243	9	0	0	58	103442
1137600	10	14	5	232	5	0	0	57	103443
1138200	10	14	5	232	6	0	0	61	103444
1138800	10	14	5	232	11	0	0	62	103446
1139400	10	14	5	232	11	0	0	59	103447
1140000	10	14	5	232	16	0	0	56	103449
1140600	10	14	5	232	18	0	0	56	103450
1141200	10	14	6	224	15	0	0	53	103451
1141800	10	14	6	224	16	0	0	50	103453
1142400	10	14	6	224	11	0	0	54	103454
1143000	10	14	6	224	9	0	0	53	103456
1143600	10	14	6	224	12	0	0	43	103457
1144200	10	14	6	224	11	0	0	46	103458
1144800	10	14	7	265	17	1	1	43	103460
1145400	10	14	7	265	17	1	1	49	103461
1146000	10	14	7	265	11	1	1	46	103463
1146600	10	14	7	265	9	1	1	43	103464
1147200	10	14	7	265	9	1	1	58	103465
1147800	10	14	7	265	12	1	1	56	103467
1148400	10	14	8	247	15	46	31	58	103468
1149000	10	14	8	247	6	46	31	53	103469
1149600	10	14	8	247	5	46	31	53	103471
1150200	10	14	8	247	19	46	31	59	103472
1150800	10	14	8	247	21	46	31	60	103474
1151400	10	14	8	247	10	46	31	54	103475
1152000	10	14	9	237	5	142	72	54	103476
1152600	10	14	9	237	14	142	72	60	103478
1153200	10	14	9	237	10	142	72	65	103479
1153800	10	14	9	237	7	142	72	72	103481
1154400	10	14	9	237	8	142	72	73	103482
1155000	10	14	9	237	10	142	72	79	103483
1155600	10	14	10	249	11	263	71	85	103485
1156200	10	14	10	249	12	263	71	91	103486
1156800	10	14	10	249	11	263	71	94	103488
1157400	10	14	10	249	14	263	71	101	103489
1158000	10	14	10	249	16	263	71	106	103490
1158600	10	14	10	249	17	263	71	110	103492
1159200	10	14	11	234	14	354	82	113	103493
1159800	10	14	11	234	16	354	82	118	103494
1160400	10	14	11	234	16	354	82	122	103496
1161000	10	14	11	234	15	354	82	128	103497
1161600	10	14	11	234	19	354	82	132	103499
1162200	10	14	11	234	20	354	82	136	103500
1162800	10	14	12	251	20	390	112	139	103501
1163400	10	14	12	251	19	390	112	143	103503
1164000	10	14	12	251	17	390	112	141	103504
1164600	10	14	12	251	23	390	112	142	103506
1165200	10	14	12	251	20	390	112	143	103507
1165800	10	14	12	251	22	390	112	143	103508
1166400	10	14	13	284	30	352	149	145	103510
1167000	10	14	13	284	39	352	149	148	103511
1167600	10	14	13	284	28	352	149	146	103513
1168200	10	14	13	284	25	352	149	146	103514
1168800	10	14	13	284	26	352	149	144	103515
1169400	10	14	13	284	25	352	149	146	103517
1170000	10	14	14	311	33	310	160	151	103518
1170600	10	14	14	311	23	310	160	151	103519
1171200	10	14	14	311	19	310	160	145	103521
1171800	10	14	14	311	23	310	160	144	103522
1172400	10	14	14	311	24	310	160	145	103524
1173000	10	14	14	311	20	310	160	146	103525
1173600	10	14	15	264	21	208	157	152	103526
1174200	10	14	15	264	21	208	157	153	103528
1174800	10	14	15	264	23	208	157	155	103529
1175400	10	14	15	264	25	208	157	152	103531
1176000	10	14	15	264	22	208	157	150	103532
1176600	10	14	15	264	21	208	157	147	103533
1177200	10	14	16	306	17	104	91	146	103535
1177800	10	14	16	306	14	104	91	144	103536
1178400	10	14	16	306	13	104	91	143	103538
1179000	10	14	16	306	13	104	91	140	103539
1179600	10	14	16	306	20	104	91	140	103540
1180200	10	14	16	306	17	104	91	138	103542
1180800	10	14	17	308	18	48	43	135	103543
1181400	10	14	17	308	19	48	43	133	103544
1182000	10	14	17	308	17	48	43	132	103546
1182600	10	14	17	308	15	48	43	130	103547
1183200	10	14	17	308	8	48	43	124	103549
1183800	10	14	17	308	5	48	43	116	103550
1184400	10	14	18	232	3	8	7	113	103551
1185000	10	14	18	232	3	8	7	112	103553
1185600	10	14	18	232	5	8	7	106	103554
1186200	10	14	18	232	9	8	7	102	103556
1186800	10	14	18	232	11	8	7	99	103557
1187400	10	14	18	232	11	8	7	97	103558
1188000	10	14	19	202	10	0	0	94	103560
1188600	10	14	19	202	11	0	0	93	103561
1189200	10	14	19	202	15	0	0	92	103563
1189800	10	14	19	202	13	0	0	91	103564
1190400	10	14	19	202	11	0	0	94	103565
1191000	10	14	19	202	15	0	0	90	103567
1191600	10	14	20	236	13	0	0	86	103568
1192200	10	14	20	236	14	0	0	87	103569
1192800	10	14	20	236	18	0	0	84	103571
1193400	10	14	20	236	22	0	0	83	103572
1194000	10	14	20	236	21	0	0	79	103574
1194600	10	14	20	236	21	0	0	82	103575
1195200	10	14	21	232	22	0	0	80	103576
1195800	10	14	21	232	20	0	0	79	103578
1196400	10	14	21	232	18	0	0	78	103579
1197000	10	14	21	232	16	0	0	76	103581
1197600	10	14	21	232	16	0	0	75	103582
1198200	10	14	21	232	5	0	0	70	103583
1198800	10	14	22	245	14	0	0	65	103585
1199400	10	14	22	245	21	0	0	66	103586
1200000	10	14	22	245	21	0	0	66	103588
1200600	10	14	22	245	19	0	0	65	103589
1201200	10	14	22	245	17	0	0	63	103590
1201800	10	14	22	245	13	0	0	66	103592
1202400	10	14	23	238	11	0	0	62	103593
1203000	10	14	23	238	16	0	0	64	103594
1203600	10	14	23	238	20	0	0	63	103596
1204200	10	14	23	238	20	0	0	59	103597
1204800	10	14	23	238	17	0	0	59	103599
1205400	10	14	23	238	14	0	0	60	103600
1206000	10	14	24	244	12	0	0	57	103598
1206600	10	14	24	244	11	0	0	54	103595
1207200	10	14	24	244	18	0	0	54	103593
1207800	10	14	24	244	17	0	0	55	103590
1208400	10	14	24	244	22	0	0	54	103588
1209000	10	14	24	244	20	0	0	58	103585
1209600	10	15	1	239	21	0	0	58	103583
1210200	10	15	1	239	20	0	0	58	103581
1210800	10	15	1	239	24	0	0	57	103578
1211400	10	15	1	239	24	0	0	54	103576
1212000	10	15	1	239	21	0	0	52	103573
1212600	10	15	1	239	19	0	0	51	103571
1213200	10	15	2	239	20	0	0	51	103568
1213800	10	15	2	239	20	0	0	53	103566
1214400	10	15	2	239	21	0	0	49	103564
1215000	10	15	2	239	21	0	0	51	103561
1215600	10	15	2	239	18	0	0	53	103559
1216200	10	15	2	239	19	0	0	54	103556
1216800	10	15	3	246	22	0	0	55	103554
1217400	10	15	3	246	24	0	0	55	103551
1218000	10	15	3	246	24	0	0	56	103549
1218600	10	15	3	246	24	0	0	59	103547
1219200	10	15	3	246	24	0	0	60	103544
1219800	10	15	3	246	17	0	0	57	103542
1220400	10	15	4	244	23	0	0	54	103539
1221000	10	15	4	244	25	0	0	50	103537
1221600	10	15	4	244	26	0	0	51	103534
1222200	10	15	4	244	26	0	0	53	103532
1222800	10	15	4	244	24	0	0	56	103530
1223400	10	15	4	244	25	0	0	58	103527
1224000	10	15	5	254	25	0	0	56	103525
1224600	10	15	5	254	26	0	0	56	103522
1225200	10	15	5	254	29	0	0	57	103520
1225800	10	15	5	254	29	0	0	56	103517
1226400	10	15	5	254	29	0	0	56	103515
1227000	10	15	5	254	27	0	0	56	103513
1227600	10	15	6	247	30	0	0	53	103510
1228200	10	15	6	247	30	0	0	53	103508
1228800	10	15	6	247	28	0	0	53	103505
1229400	10	15	6	247	26	0	0	54	103503
1230000	10	15	6	247	27	0	0	55	103500
1230600	10	15	6	247	25	0	0	51	103498
1231200	10	15	7	250	25	1	1	54	103495
1231800	10	15	7	250	25	1	1	56	103493
1232400	10	15	7	250	24	1	1	56	103491
1233000	10	15	7	250	29	1	1	54	103488
1233600	10	15	7	250	28	1	1	53	103486
1234200	10	15	7	250	28	1	1	54	103483
1234800	10	15	8	247	27	40	30	53	103481
1235400	10	15	8	247	23	40	30	55	103478
1236000	10	15	8	247	28	40	30	56	103476
1236600	10	15	8	247	27	40	30	56	103474
1237200	10	15	8	247	26	40	30	57	103471
1237800	10	15	8	247	25	40	30	60	103469
1238400	10	15	9	246	26	143	77	65	103466
1239000	10	15	9	246	26	143	77	67	103464
1239600	10	15	9	246	27	143	77	72	103461
1240200	10	15	9	246	29	143	77	75	103459
1240800	10	15	9	246	26	143	77	81	103457
1241400	10	15	9	246	24	143	77	84	103454
1242000	10	15	10	244	25	256	87	87	103452
1242600	10	15	10	244	27	256	87	91	103449
1243200	10	15	10	244	26	256	87	97	103447
1243800	10	15	10	244	27	256	87	102	103444
1244400	10	15	10	244	28	256	87	104	103442
1245000	10	15	10	244	30	256	87	108	103440
1245600	10	15	11	242	24	343	96	112	103437
1246200	10	15	11	242	25	343	96	116	103435
1246800	10	15	11	242	21	343	96	117	103432
1247400	10	15	11	242	21	343	96	122	103430
1248000	10	15	11	242	18	343	96	126	103427
1248600	10	15	11	242	18	343	96	126	103425
1249200	10	15	12	252	23	376	112	128	103423
1249800	10	15	12	252	24	376	112	133	103420
1250400	10	15	12	252	26	376	112	134	103418
1251000	10	15	12	252	27	376	112	135	103415
1251600	10	15	12	252	25	376	112	136	103413
1252200	10	15	12	252	33	376	112	137	103410
1252800	10	15	13	275	35	303	167	140	103408
1253400	10	15	13	275	33	303	167	141	103406
1254000	10	15	13	275	30	303	167	140	103403
1254600	10	15	13	275	28	303	167	136	103401
1255200	10	15	13	275	21	303	167	139	103398
1255800	10	15	13	275	27	303	167	144	103396
1256400	10	15	14	297	37	305	157	148	103393
1257000	10	15	14	297	41	305	157	149	103391
1257600	10	15	14	297	27	305	157	137	103389
1258200	10	15	14	297	27	305	157	134	103386
1258800	10	15	14	297	27	305	157	143	103384
1259400	10	15	14	297	36	305	157	145	103381
1260000	10	15	15	324	21	213	133	141	103379
1260600	10	15	15	324	31	213	133	136	103376
1261200	10	15	15	324	27	213	133	135	103374
1261800	10	15	15	324	27	213	133	134	103372
1262400	10	15	15	324	25	213	133	136	103369
1263000	10	15	15	324	13	213	133	137	103367
1263600	10	15	16	310	16	141	125	139	103364
1264200	10	15	16	310	26	141	125	137	103362
1264800	10	15	16	310	28	141	125	140	103359
1265400	10	15	16	310	25	141	125	142	103357
1266000	10	15	16	310	23	141	125	142	103355
1266600	10	15	16	310	18	141	125	139	103352
1267200	10	15	17	291	19	34	31	138	103350
1267800	10	15	17	291	21	34	31	138	103347
1268400	10	15	17	291	17	34	31	135	103345
1269000	10	15	17	291	10	34	31	133	103342
1269600	10	15	17	291	7	34	31	133	103340
1270200	10	15	17	291	19	34	31	133	103338
1270800	10	15	18	263	22	3	3	128	103335
1271400	10	15	18	263	16	3	3	128	103333
1272000	10	15	18	263	10	3	3	127	103330
1272600	10	15	18	263	13	3	3	124	103328
1273200	10	15	18	263	16	3	3	123	103325
1273800	10	15	18	263	12	3	3	122	103323
1274400	10	15	19	261	12	0	0	122	103320
1275000	10	15	19	261	13	0	0	122	103318
1275600	10	15	19	261	12	0	0	120	103316
1276200	10	15	19	261	11	0	0	117	103313
1276800	10	15	19	261	15	0	0	116	103311
1277400	10	15	19	261	12	0	0	113	103308
1278000	10	15	20	241	10	0	0	114	103306
1278600	10	15	20	241	12	0	0	112	103303
1279200	10	15	20	241	12	0	0	110	103301
1279800	10	15	20	241	11	0	0	102	103299
1280400	10	15	20	241	12	0	0	102	103296
1281000	10	15	20	241	14	0	0	103	103294
1281600	10	15	21	235	14	0	0	102	103291
1282200	10	15	21	235	14	0	0	106	103289
1282800	10	15	21	235	13	0	0	103	103286
1283400	10	15	21	235	12	0	0	101	103284
1284000	10	15	21	235	14	0	0	99	103282
1284600	10	15	21	235	12	0	0	103	103279
1285200	10	15	22	253	13	0	0	103	103277
1285800	10	15	22	253	15	0	0	101	103274
1286400	10	15	22	253	14	0	0	105	103272
1287000	10	15	22	253	11	0	0	104	103269
1287600	10	15	22	253	11	0	0	104	103267
1288200	10	15	22	253	10	0	0	104	103265
1288800	10	15	23	231	13	0	0	102	103262
1289400	10	15	23	231	14	0	0	102	103260
1290000	10	15	23	231	11	0	0	104	103257
1290600	10	15	23	231	10	0	0	103	103255
1291200	10	15	23	231	9	0	0	102	103252
1291800	10	15	23	231	12	0	0	102	103250
1292400	10	15	24	228	13	0	0	103	103248
1293000	10	15	24	228	9	0	0	104	103245
1293600	10	15	24	228	12	0	0	102	103243
1294200	10	15	24	228	10	0	0	102	103240
1294800	10	15	24	228	10	0	0	102	103238
1295400	10	15	24	228	13	0	0	101	103235
